30 26 24 28 23 30 33 15 33 20 33 14 33 15 33 8 3 0 17 1 14 1 4 11 5 0 22 1 31 34 23 28 23 30 23 34 18 34 23 30 34 22 33 17 34 9 2 28 23 30 23 33 30 23 33 31 1 22 34 23 26 30 34 27 34 14 34 8 2 29 33 31 1 22 34 13 3 8 1 31
29 34 8 33 31 1 14 0 9 2 14 3 14 34 15 33 8 0 32 34 23 33 23 33 22 33 23 34 29 2 4 2 9 34 15 33 8 0 2 4 0 9 0 32 25 32 25 32 34 30 26 23 26 30 23 28 2 0 2 0 5 7 5 16 5 16 5 16 6 16 5 16 5 16 6 0 3 14 1 3
22 0 17 34 15 34 31 33 8 34 14 1 20 33 30 26 34 28 34 32 28 24 32 34 15 34 31 1 14 33 31 33 30 23 26 23 28 24 28 32 0 32 34 22 33 2 9 2 33 30 33 30 34 18 34 9 2 29 33 29 33 20 0 7 4 0 5 11 4 0 2 33 20 1 3 1 4 1 31 34
13 34 23 26 24 32 25 32 34 30 26 23 30 23 28 2 29 34 32 25 32 24 26 30 26 24 28 2 0 12 0 11 4 2 10 2 0 12 0 13 34 31 34 28 34 22 34 29 33 30 26 23 28 24 28 2 10 2 10 2 28 2 28 32 0 2 0 11 0 3 0 7 0 4 11 4 2 8 3 8
7 5 0 5 11 4 1 31 34 18 34 17 34 23 28 24 32 24 26 23 34 15 33 31 1 14 0 2 14 1 17 33 23 30 26 30 34 9 34 31 34 28 32 0 6 0 12 0 8 33 20 1 3 1 14 0 13 3 13 3 14 1 4 2 8 0 7 0 7 0 22 34 18 34 29 33 17 1 8 33
2 14 0 13 34 15 34 28 23 34 30 34 9 34 27 34 29 34 27 34 32 0 6 0 2 9 0 14 1 22 1 20 34 27 34 30 26 34 8 0 32 28 32 34 26 23 26 34 15 34 23 26 23 33 17 34 18 34 15 34 27 34 20 33 22 1 14 1 8 0 12 0 14 3 0 3 13 0 20 0
4 0 6 0 6 0 5 16 5 16 6 16 6 16 6 0 17 33 8 1 14 0 9 0 14 1 22 1 22 34 31 34 23 33 31 1 17 0 2 0 3 14 1 17 34 23 26 30 33 20 33 23 28 23 30 34 29 33 14 3 8 2 10 2 14 3 8 1 20 0 3 13 0 5 7 4 2 29 33 2
32 28 24 28 2 8 34 17 1 22 33 29 34 26 24 28 34 15 33 29 34 9 34 13 34 17 34 32 34 27 34 23 33 20 0 32 0 12 0 5 0 11 4 0 22 1 17 34 23 26 30 26 24 32 25 32 28 2 8 1 14 1 4 2 10 2 8 34 15 34 26 23 26 23 26 30 33 30 23 28
31 34 17 0 7 5 11 0 11 0 14 33 14 1 3 1 3 8 3 0 11 5 0 4 11 4 0 20 33 29 33 20 33 22 1 31 34 17 34 9 0 5 7 0 9 34 23 33 17 33 29 33 30 34 18 34 29 2 0 5 0 3 8 34 31 1 20 33 15 34 14 34 29 2 14 33 8 2 33 20
15 33 15 33 14 0 13 3 0 11 5 16 5 0 3 8 3 8 3 8 1 3 1 4 2 10 2 9 34 22 33 2 8 0 9 34 17 34 17 34 20 1 20 34 14 2 33 22 1 4 2 28 32 25 32 28 34 17 1 8 2 4 11 5 0 9 34 17 34 30 33 8 2 4 11 0 17 0 6 16
8 34 32 25 32 34 30 23 26 23 28 24 28 2 0 11 4 2 9 2 10 2 29 34 28 32 0 5 11 4 2 28 24 32 24 32 25 32 28 24 26 30 33 17 0 8 33 22 1 22 34 23 33 31 33 30 34 26 34 15 33 30 34 14 34 27 34 27 34 31 1 3 13 34 9 2 33 15 34 9
11 5 0 3 0 14 33 15 33 14 3 13 3 8 0 8 3 8 0 32 34 8 0 5 11 5 7 0 32 0 7 5 16 6 16 6 16 6 16 5 11 5 11 5 16 5 16 6 16 5 16 6 0 8 0 3 8 3 1 14 34 23 34 20 0 32 28 34 13 0 9 34 8 1 31 1 3 8 1 31
28 32 0 20 33 15 33 17 33 29 33 30 23 30 23 28 24 32 28 23 26 24 32 28 32 25 32 34 8 1 22 0 3 8 34 23 26 34 20 33 23 28 34 26 30 26 23 28 34 27 34 26 34 15 33 31 33 20 34 23 28 32 25 32 34 27 34 32 28 34 8 1 31 1 31 1 17 1 22 1
34 26 23 28 32 28 34 8 2 9 2 10 2 4 11 5 7 0 14 33 17 33 29 2 8 34 20 0 11 4 11 5 11 5 0 13 34 27 34 14 2 4 7 4 1 31 33 22 0 3 1 20 1 17 33 22 33 31 33 8 0 20 34 32 28 32 24 26 24 26 34 8 34 14 3 1 31 34 30 33
24 26 23 28 34 30 34 15 34 32 24 32 34 26 23 26 23 28 32 28 32 28 23 26 34 13 34 15 34 30 34 32 25 32 34 8 33 2 14 0 7 5 7 4 1 4 11 5 7 5 7 4 0 12 0 12 0 9 2 33 29 34 32 34 27 34 17 0 4 1 22 34 27 34 23 33 20 0 8 0
27 34 32 0 8 34 8 1 3 0 17 34 18 34 8 0 22 34 9 34 26 34 23 28 2 28 32 25 32 24 32 0 17 33 14 1 17 1 8 33 29 2 33 15 34 18 34 28 32 28 23 30 23 30 23 34 31 33 8 33 22 34 32 34 26 30 33 15 33 14 2 33 29 34 31 33 29 33 20 1
12 0 14 34 15 33 8 1 20 34 18 34 8 0 22 1 8 3 13 3 1 3 8 0 17 1 17 1 31 34 20 34 8 3 1 17 0 17 1 31 33 31 1 31 34 22 33 14 34 9 2 8 34 23 33 17 0 12 0 32 24 32 25 32 28 23 26 24 26 24 32 28 32 34 23 33 14 2 8 2
26 30 26 24 32 28 23 26 23 26 23 28 2 33 31 1 14 1 3 14 33 14 2 33 20 34 23 26 34 30 26 30 33 17 1 3 0 32 25 32 24 28 32 0 6 16 5 7 5 16 6 16 5 7 4 2 14 0 6 0 8 33 22 34 8 3 0 4 11 5 7 4 7 4 0 2 9 34 27 34
16 5 16 6 16 6 16 5 7 0 32 24 26 34 31 1 31 1 20 0 22 34 26 34 29 33 20 34 30 23 30 26 24 26 30 23 34 20 33 20 33 23 28 2 8 1 20 34 22 1 8 2 14 0 6 0 8 33 22 34 8 3 0 17 34 20 1 22 33 20 0 14 0 4 11 4 0 13 0 17
18 34 30 33 15 34 18 34 9 2 9 34 18 34 29 34 8 0 5 16 6 0 8 34 31 33 2 14 34 17 33 14 0 6 0 14 33 31 33 31 34 27 34 9 0 7 5 16 6 0 9 2 28 24 26 23 30 33 22 34 14 3 8 34 26 23 33 14 0 2 28 24 32 0 11 5 0 6 0 22
9 0 5 16 5 7 5 0 4 2 10 2 0 20 34 8 33 22 1 14 34 14 2 29 34 17 0 9 0 7 5 7 0 5 7 5 0 11 5 7 4 11 5 7 4 0 6 16 5 11 4 1 14 33 14 3 1 4 2 14 0 5 16 6 16 5 7 5 11 4 0 11 5 7 0 14 0 6 0 20
5 11 0 6 16 6 16 5 11 4 11 0 14 33 15 34 8 1 4 2 29 34 23 28 24 32 0 14 1 4 2 4 7 4 7 5 11 5 7 0 11 4 1 4 11 5 11 4 2 14 33 14 0 5 0 5 11 4 7 5 11 4 2 0 9 0 11 5 7 0 14 1 8 34 26 24 32 0 7 0
3 14 33 31 34 30 23 33 20 34 31 1 20 33 2 29 33 20 1 22 1 14 2 29 34 23 26 23 28 23 30 33 20 1 20 0 2 14 2 29 34 18 34 22 0 6 16 6 16 6 0 11 4 2 4 7 4 1 22 0 32 0 13 34 13 3 0 14 34 9 0 6 0 32 28 23 33 31 1 3
20 34 30 33 29 34 26 24 26 30 33 17 34 14 2 10 2 8 3 14 0 14 3 1 4 7 5 16 6 0 3 13 34 30 23 26 34 32 28 23 30 33 17 1 31 33 30 23 28 2 14 1 20 0 5 11 0 3 1 22 34 20 34 26 24 26 23 30 33 20 33 23 26 23 34 18 34 30 26 30
33 31 34 18 34 23 28 34 8 2 10 2 29 34 28 24 32 25 32 0 20 34 29 2 4 7 5 7 0 8 2 10 2 14 2 10 2 33 17 34 14 2 4 7 0 13 3 14 1 22 33 15 34 20 34 26 23 34 32 28 32 24 28 32 25 32 24 28 34 22 1 20 33 17 33 8 34 22 1 20
10 2 14 0 8 3 8 2 9 34 14 2 10 2 29 33 15 34 28 24 26 34 30 34 31 1 3 14 2 9 0 32 34 23 30 26 30 26 34 9 2 9 2 4 7 0 8 0 3 13 3 1 20 34 20 34 26 23 33 22 1 4 11 4 1 3 14 2 10 2 9 34 18 34 32 34 18 34 30 33
1 17 34 14 34 13 3 1 4 7 5 11 4 0 4 7 4 1 31 1 22 33 15 34 26 24 26 23 34 27 34 17 1 31 34 30 23 30 23 28 2 29 2 4 7 4 0 14 34 31 33 15 34 17 33 31 33 31 33 20 1 31 34 31 34 23 33 29 2 29 2 0 4 11 0 8 3 0 12 0
14 2 9 34 17 0 6 0 12 0 11 4 0 13 3 14 34 8 3 13 3 8 3 8 1 8 33 23 26 23 26 23 34 15 33 8 33 23 34 13 0 11 4 2 29 33 15 33 17 33 29 33 22 33 15 33 30 34 30 26 24 26 24 32 28 2 29 2 9 2 14 3 14 33 15 34 22 0 4 1
0 8 1 3 14 1 14 0 6 0 5 11 4 1 3 13 3 1 31 34 27 34 22 1 8 1 20 33 8 1 31 34 30 26 24 32 0 22 0 11 4 1 4 7 5 11 4 7 4 1 20 0 12 0 6 0 12 0 20 0 6 16 6 16 5 0 20 33 8 0 3 8 34 9 2 4 2 10 2 4
23 26 30 33 22 0 14 0 4 0 17 0 32 0 11 5 11 5 0 4 7 5 16 5 11 4 11 5 16 6 0 12 0 6 16 5 16 5 0 11 5 16 5 11 0 6 0 7 5 0 9 2 0 14 34 26 24 26 24 28 32 34 22 34 20 1 8 33 29 33 30 23 30 23 28 34 26 34 31 34
17 34 9 34 23 30 34 14 2 29 34 15 34 9 0 12 0 17 1 3 8 3 8 33 30 33 14 3 1 22 33 15 34 9 2 33 20 0 13 34 22 1 8 33 20 33 15 33 30 23 30 23 28 2 14 3 8 3 8 34 20 1 20 1 8 3 13 0 2 10 2 33 23 34 32 25 32 28 23 26
6 16 6 0 14 3 0 4 7 0 14 1 3 0 2 28 32 28 23 26 24 32 34 26 24 32 34 17 34 29 34 23 26 34 8 0 12 0 22 0 13 3 8 1 31 33 23 33 17 0 6 16 6 0 32 24 26 30 33 29 33 20 34 27 34 28 34 13 0 7 4 1 31 1 31 34 30 26 23 34
25 32 34 18 34 32 25 32 25 32 28 24 28 2 4 1 31 34 29 33 20 0 2 10 2 0 12 0 14 1 3 1 3 0 5 11 0 8 33 29 33 14 33 8 34 9 34 27 34 29 2 14 33 31 33 23 34 30 26 24 32 34 29 33 15 33 31 33 2 8 34 8 33 22 0 32 25 32 28 23
27 34 31 34 9 0 4 7 5 16 5 0 22 0 12 0 13 34 31 33 23 33 23 28 34 26 30 26 30 33 29 34 15 34 15 33 30 34 18 34 23 34 30 34 15 34 27 34 31 34 17 1 17 1 31 34 8 33 23 34 27 34 32 28 24 32 25 32 28 23 26 34 14 34 29 34 23 33 30 33
6 0 14 1 20 0 22 34 29 2 29 2 14 33 22 1 20 0 13 34 15 34 26 30 33 15 34 28 23 30 34 32 24 26 34 22 33 30 33 8 34 15 34 29 34 31 33 17 1 8 34 32 34 32 0 17 34 29 33 30 26 23 34 18 34 30 34 14 34 29 34 22 33 30 33 8 33 23 34 22
3 1 20 33 23 33 30 34 23 33 29 34 17 1 17 1 8 33 29 33 29 34 26 23 26 24 26 34 28 24 26 30 23 33 20 33 30 33 8 33 23 34 22 0 11 5 11 0 8 2 28 24 28 32 25 32 25 32 24 32 28 2 0 8 1 8 2 0 22 34 18 34 28 32 24 32 34 17 34 23
17 34 18 34 20 1 17 1 4 1 3 1 14 3 13 3 13 3 8 33 15 33 2 33 30 26 23 33 31 33 30 34 17 33 23 34 23 26 23 26 30 33 2 29 34 20 0 9 0 6 16 6 16 5 0 17 1 22 0 7 0 20 1 14 1 20 1 14 34 26 24 32 34 14 3 14 33 22 33 2
11 0 8 3 0 8 0 13 34 8 33 29 33 31 1 3 1 3 8 34 15 34 18 34 31 34 23 34 28 32 0 11 4 0 11 0 2 14 3 0 9 2 4 2 0 22 33 14 0 5 0 17 1 20 1 8 0 20 33 20 0 8 3 1 20 1 31 34 14 3 14 33 22 33 22 0 5 11 4 11
0 4 0 12 0 2 29 33 14 2 33 29 2 29 33 14 0 17 0 17 0 20 33 15 34 26 24 28 24 32 28 23 34 28 24 26 23 34 8 1 14 33 8 1 8 33 23 34 32 0 9 34 18 34 23 34 22 33 30 33 31 34 9 2 8 1 22 0 7 4 7 4 0 12 0 4 2 33 14 33
5 0 6 16 5 11 4 1 20 34 27 34 29 2 9 0 2 0 12 0 2 4 2 8 2 4 2 14 0 13 0 8 2 33 30 26 30 33 20 33 15 33 14 2 8 33 20 1 20 34 27 34 8 33 23 33 31 33 17 34 28 24 26 23 30 34 17 0 9 2 28 23 30 26 24 28 34 32 28 24
2 29 33 23 26 23 34 17 1 14 1 20 34 26 23 28 32 34 9 2 8 0 5 11 0 11 0 12 0 13 0 8 2 8 34 30 26 30 33 15 34 8 1 20 33 20 1 14 1 22 33 15 33 23 33 31 33 17 1 20 33 8 1 20 0 32 0 9 34 18 34 17 1 14 34 26 34 17 34 8
29 2 9 34 8 2 8 33 20 0 8 33 23 30 33 2 28 23 34 28 24 28 2 0 4 11 5 0 32 28 2 10 2 33 31 33 31 1 17 33 2 28 2 14 3 13 3 0 9 34 31 1 22 1 17 34 18 34 13 3 13 3 1 3 14 2 33 14 1 8 2 28 32 25 32 34 8 33 14 1
31 34 26 34 15 33 23 30 34 28 24 26 24 28 34 31 1 8 33 8 34 8 33 14 1 14 33 29 33 15 34 8 33 22 1 31 34 22 33 20 33 30 34 9 0 17 34 23 33 17 33 8 34 29 34 30 26 30 26 24 28 34 27 34 23 33 14 1 17 33 31 34 28 2 4 2 33 17 33 22
13 34 26 30 34 22 1 22 34 29 34 15 33 31 1 20 0 7 5 0 7 0 14 34 20 0 14 3 8 34 28 32 25 32 24 32 28 34 30 34 29 33 30 26 24 32 24 28 2 9 34 30 34 15 34 13 34 27 34 23 33 31 34 32 24 32 28 2 4 11 5 11 4 1 22 1 31 1 31 33
7 0 6 16 6 16 6 16 5 7 5 0 12 0 11 0 22 34 31 1 17 33 29 34 23 33 17 34 28 34 15 33 22 0 4 11 5 11 4 7 4 2 9 0 13 0 13 3 1 14 1 31 33 22 33 30 23 30 23 33 31 33 29 33 2 4 2 4 11 0 8 2 8 34 26 30 34 14 33 17
26 24 32 24 28 2 29 2 10 2 10 2 14 34 17 34 13 3 0 4 0 3 8 34 13 0 2 10 2 28 34 32 24 32 28 24 32 25 32 0 17 0 9 2 4 11 5 11 4 7 4 7 4 2 28 2 14 33 8 1 3 8 3 8 34 23 34 26 23 26 30 23 34 18 34 9 34 32 25 32
25 32 0 11 0 3 13 3 8 33 14 2 4 7 5 7 0 32 24 26 23 28 2 4 0 3 14 33 20 0 8 33 30 33 14 1 8 2 28 34 31 34 13 0 9 0 22 34 17 34 9 2 28 32 0 12 0 3 0 8 1 3 14 0 6 0 14 3 14 2 29 2 29 34 17 34 15 34 15 33
23 28 23 33 17 33 31 1 22 0 4 2 14 1 14 33 22 33 17 0 11 5 0 2 9 0 11 5 7 0 12 0 2 14 1 31 34 26 34 32 25 32 0 14 3 14 33 17 1 3 0 3 14 2 29 33 17 34 28 24 28 34 26 23 30 33 2 29 34 26 34 26 30 26 24 28 32 0 13 34
9 34 29 2 10 2 0 6 0 12 0 20 1 22 0 3 14 34 26 30 26 30 26 24 26 30 33 31 1 8 2 14 33 23 33 14 3 1 3 14 1 22 34 32 24 26 34 28 2 33 17 1 14 34 22 33 2 10 2 9 34 18 34 18 34 15 34 13 0 6 0 14 2 28 34 15 34 15 34 18
4 2 28 32 0 9 2 33 2 28 23 34 28 34 18 34 13 34 26 34 26 23 28 24 28 32 0 13 3 14 0 7 4 1 31 34 28 23 30 26 23 34 28 32 24 26 23 34 22 33 31 33 20 1 17 0 32 28 2 10 2 9 2 4 2 14 0 22 1 4 0 4 7 4 7 5 7 4 11 5
20 1 20 33 14 3 1 31 1 22 34 8 1 3 8 0 5 7 4 2 33 23 26 30 26 30 26 34 18 34 31 33 17 0 9 34 27 34 15 34 15 34 18 34 13 3 1 14 0 4 0 14 0 11 0 12 0 14 0 9 2 4 2 28 2 8 33 29 34 27 34 15 33 29 33 31 33 20 34 32
28 32 24 28 34 26 23 26 30 26 34 8 33 2 9 2 8 0 6 16 6 0 6 0 14 1 20 0 13 34 32 28 24 28 34 14 3 1 8 3 0 9 2 29 34 28 24 32 24 28 24 32 28 24 32 25 32 0 3 0 7 4 2 29 33 2 10 2 28 34 29 33 8 0 11 4 2 0 6 16
30 33 8 3 1 8 3 8 33 2 28 32 0 8 3 1 31 1 14 33 14 1 14 33 23 33 29 33 29 2 33 23 30 23 34 14 3 1 8 2 8 34 22 1 22 33 20 34 15 33 20 34 8 2 33 8 0 14 0 4 1 4 0 12 0 5 0 6 0 14 2 33 2 10 2 4 1 8 0 11
32 25 32 24 28 23 30 34 30 34 28 2 14 33 8 34 28 2 28 2 33 14 2 0 9 0 6 0 14 0 5 0 9 34 18 34 9 2 33 8 1 31 1 22 34 29 2 14 1 3 0 12 0 6 0 11 0 12 0 6 0 11 5 0 2 33 8 3 1 3 13 34 17 34 20 34 13 0 12 0
33 30 34 30 33 2 14 1 4 2 9 34 17 0 2 9 0 5 16 6 0 3 13 34 31 33 31 33 2 4 11 4 7 5 16 6 16 6 0 4 2 14 3 1 20 34 13 3 14 33 20 33 14 0 17 33 23 34 20 1 31 1 17 34 22 34 26 23 26 30 26 30 26 23 33 20 1 31 34 29
1 14 33 22 34 14 0 12 0 6 0 11 5 7 0 2 9 0 5 16 6 0 7 5 16 6 0 32 25 32 24 26 34 18 34 30 26 34 30 34 27 34 8 2 28 32 24 26 24 28 32 28 32 25 32 0 13 34 30 23 26 24 32 34 14 0 7 5 11 0 13 0 12 0 13 0 5 0 12 0
8 34 30 33 30 23 30 33 23 33 23 34 13 3 14 0 11 4 11 5 16 5 7 4 11 0 11 5 7 4 0 14 34 20 33 17 1 4 7 4 1 17 0 5 16 6 0 17 34 9 0 13 0 12 0 20 1 22 0 11 5 11 0 6 16 5 11 0 14 2 28 23 30 33 2 10 2 0 2 4
34 23 34 20 34 8 33 17 0 6 16 6 16 5 16 5 11 0 3 1 8 33 8 0 32 28 2 29 2 33 17 1 8 2 29 33 17 1 20 0 14 2 28 24 28 24 32 28 2 4 7 4 0 20 34 13 3 13 34 8 2 33 29 33 31 33 31 34 31 1 4 11 4 1 20 33 23 30 33 15
15 34 30 33 29 2 8 3 13 34 13 34 23 33 14 33 17 1 8 0 14 34 29 2 29 2 33 17 33 14 2 4 1 14 2 14 0 14 0 4 2 4 11 4 2 33 20 0 17 1 3 14 34 13 3 1 20 34 8 34 28 24 32 0 11 5 0 17 0 22 33 17 1 20 33 2 8 0 32 0
12 0 13 34 18 34 29 2 29 34 31 33 20 0 11 4 11 4 1 20 34 9 34 22 33 15 34 27 34 22 1 4 7 4 0 9 2 0 5 7 4 0 4 7 4 7 0 5 7 0 5 16 5 11 4 2 10 2 9 0 17 0 9 0 12 0 17 34 20 34 27 34 29 2 33 22 34 15 34 28
10 2 29 34 30 34 20 34 22 1 3 13 3 13 34 30 23 33 31 1 22 1 31 1 8 1 22 33 31 1 8 33 22 33 29 33 31 1 8 2 4 11 5 11 4 11 0 7 0 2 33 20 34 30 23 30 23 33 15 33 20 1 3 0 4 11 0 20 0 12 0 12 0 5 16 6 0 4 0 17
16 5 7 4 11 0 17 0 14 33 30 33 17 33 30 34 29 34 27 34 15 34 26 24 26 34 22 34 8 1 20 33 8 2 33 17 1 14 0 5 11 4 7 4 2 9 34 8 3 14 34 20 0 12 0 13 0 3 0 7 5 16 6 0 5 11 4 7 4 7 0 22 34 15 34 32 0 3 13 0
18 34 31 1 3 13 0 8 2 10 2 33 23 30 33 30 23 26 23 26 24 28 23 26 24 32 28 32 0 5 0 22 0 14 33 30 34 20 0 7 0 3 13 0 22 34 27 34 32 0 22 0 22 34 9 34 9 2 14 2 9 34 9 2 4 11 5 0 9 34 9 2 8 33 23 28 34 15 33 15
24 26 23 26 30 33 30 23 28 23 33 17 1 3 0 13 3 0 32 25 32 34 9 34 20 0 3 8 3 8 34 26 23 33 31 33 17 0 14 0 7 0 17 1 8 2 9 0 11 5 0 9 34 22 34 9 34 13 0 7 5 0 9 2 14 3 1 8 1 22 33 14 3 8 34 22 33 15 33 22
22 33 22 34 27 34 8 2 9 34 9 2 10 2 8 33 2 4 2 33 17 0 12 0 7 5 7 0 2 10 2 14 0 13 34 26 34 8 33 2 8 0 2 9 0 11 4 11 4 1 3 1 4 2 28 24 32 0 22 33 29 2 0 7 5 7 0 6 16 5 16 5 0 17 0 12 0 20 1 17
14 1 4 1 20 1 3 13 3 1 14 33 17 1 3 1 14 34 31 34 13 0 7 5 0 9 34 31 33 15 33 22 0 20 34 14 1 20 0 8 34 15 34 31 1 17 1 31 1 31 33 29 34 20 34 29 33 14 3 8 34 32 34 15 33 2 29 33 17 0 32 28 32 24 26 23 33 2 14 3
24 32 24 32 24 26 30 34 29 33 30 23 33 30 33 30 34 8 2 10 2 9 0 32 34 28 32 28 2 33 22 1 3 0 7 5 16 6 0 2 0 14 33 23 33 29 34 28 23 26 30 23 26 23 28 23 33 8 2 29 33 29 33 23 30 23 28 34 31 34 18 34 17 1 4 2 28 24 28 24
30 34 9 34 31 34 14 3 13 3 13 3 13 0 4 2 8 3 13 34 31 1 31 1 3 0 8 33 30 33 15 34 27 34 8 3 0 12 0 11 5 16 5 11 4 0 22 34 27 34 13 0 11 0 2 4 11 4 1 3 14 1 8 33 15 34 22 33 31 33 30 26 24 32 34 8 1 14 34 28
0 7 5 16 6 0 14 33 15 34 14 2 8 3 8 2 0 22 34 8 1 22 34 27 34 31 33 2 33 14 0 20 1 8 33 30 34 13 34 27 34 18 34 15 34 26 34 17 1 3 0 11 5 16 5 16 5 0 3 14 3 1 17 34 9 2 4 0 4 11 0 4 2 33 23 34 20 1 17 0
29 34 18 34 23 34 20 0 22 0 3 1 3 0 12 0 2 29 33 22 0 4 11 5 11 0 14 34 8 34 30 26 24 32 24 26 34 14 1 31 33 15 34 32 0 17 1 4 1 14 3 0 4 11 0 8 3 14 3 14 2 9 0 20 34 9 0 13 34 28 32 25 32 28 23 30 34 14 33 22
23 26 24 26 30 34 27 34 13 0 9 2 8 2 33 14 1 20 34 13 0 11 5 16 5 0 5 16 6 16 5 7 4 2 4 0 13 3 0 4 1 31 1 3 8 0 5 7 4 2 0 13 0 9 0 2 33 22 0 13 34 13 34 18 34 13 3 0 32 34 32 28 24 32 28 32 34 8 0 4
7 5 11 5 16 5 16 6 16 5 0 4 0 6 16 5 7 0 9 34 28 32 0 32 24 28 23 28 23 26 23 34 13 34 27 34 28 32 24 26 23 30 23 28 2 0 9 2 28 2 4 0 7 5 7 0 5 11 0 20 33 17 1 20 34 20 34 17 0 12 0 3 13 34 31 33 31 33 30 26
33 14 0 2 29 33 17 34 15 33 20 34 28 32 28 32 34 18 34 14 1 17 0 32 34 13 0 22 34 20 0 4 7 0 9 34 18 34 30 33 29 2 0 4 0 7 0 20 33 14 3 0 14 2 9 34 9 2 29 33 14 0 7 5 16 6 16 6 16 6 0 9 2 4 7 0 6 16 6 16
18 34 28 32 0 17 33 23 30 26 23 26 24 28 2 14 2 9 0 22 34 17 34 28 32 24 26 23 30 23 33 30 34 13 0 17 34 26 23 33 8 33 17 1 31 1 20 0 12 0 17 33 2 14 34 14 0 12 0 22 33 31 34 31 34 20 34 20 0 22 1 22 1 20 33 20 0 32 0 4
31 33 20 0 2 0 4 1 8 3 0 4 7 0 14 2 8 33 15 33 2 14 34 18 34 8 0 2 29 33 14 0 13 0 12 0 7 5 7 5 7 5 11 5 11 4 1 8 3 8 1 31 33 20 33 2 10 2 14 0 22 0 11 0 20 33 15 33 2 29 33 20 33 23 26 23 30 23 33 8
32 24 26 23 28 23 30 23 26 30 33 15 33 14 1 20 1 17 33 30 26 24 28 32 0 20 1 20 33 29 2 9 2 10 2 29 33 2 10 2 14 2 8 1 17 33 14 34 26 30 23 30 26 34 29 2 10 2 10 2 9 2 10 2 0 7 0 3 13 0 14 0 12 0 20 34 9 0 14 1
16 5 11 5 16 5 0 11 0 20 1 4 0 13 3 13 3 0 7 5 7 5 0 22 33 31 33 14 1 17 0 22 33 15 34 8 0 3 8 1 17 33 22 33 20 33 8 0 20 1 14 3 13 34 22 34 27 34 26 23 33 31 33 20 1 4 0 12 0 6 16 6 0 7 4 7 0 8 34 17
25 32 34 17 0 12 0 6 16 6 0 9 0 9 34 22 34 13 0 22 34 14 3 0 8 34 22 0 22 1 3 0 11 5 16 5 7 5 16 6 0 4 7 0 5 16 5 0 2 33 15 33 15 33 22 1 20 33 17 34 17 0 6 16 5 7 5 11 0 12 0 20 0 22 33 15 33 14 33 31
9 2 8 33 17 0 9 0 5 0 11 4 11 5 7 0 17 0 11 0 5 16 6 16 5 16 5 7 0 5 7 5 11 0 7 0 13 0 14 1 4 7 5 0 20 1 3 0 2 9 34 28 34 26 24 26 30 34 14 3 14 34 32 25 32 34 15 33 31 33 2 29 33 31 33 22 34 13 3 0
27 34 22 33 29 33 17 0 2 8 33 20 34 30 26 24 32 28 32 28 23 30 33 8 1 22 1 20 34 17 1 17 1 3 14 2 0 20 0 6 0 12 0 3 13 0 3 8 33 29 33 14 34 28 34 18 34 29 2 9 0 9 0 12 0 7 5 0 5 0 9 2 0 14 3 8 34 31 33 17
34 13 0 9 34 28 24 32 34 8 3 1 22 33 2 33 23 30 23 28 23 34 20 33 15 33 20 34 20 34 14 34 14 3 13 0 14 0 3 1 31 1 20 33 14 0 20 0 12 0 5 0 4 1 31 33 20 34 22 0 9 2 8 3 1 31 33 2 4 1 3 13 0 13 3 0 11 5 16 5
17 34 8 2 9 0 7 4 2 10 2 9 0 12 0 20 33 23 28 23 30 26 23 34 15 34 8 34 8 1 8 3 8 1 31 1 31 1 22 34 27 34 28 2 33 15 34 23 30 34 30 23 28 23 28 2 28 34 31 33 29 33 8 0 5 16 6 16 5 7 5 0 14 0 13 0 11 0 8 34
13 0 2 28 2 8 3 0 12 0 7 4 11 4 7 5 7 4 0 8 3 13 3 0 14 0 3 14 1 20 33 20 0 5 11 0 14 1 31 33 29 33 8 0 8 1 8 3 0 3 1 31 33 2 4 11 0 14 0 3 0 3 8 34 22 0 6 0 32 34 29 33 31 34 30 33 29 34 15 33
28 32 28 23 28 34 31 34 30 26 34 30 26 34 22 1 4 0 32 24 28 23 30 26 34 22 33 14 33 15 34 13 0 4 7 5 7 5 11 0 32 0 17 0 7 0 22 34 8 0 20 33 2 14 33 15 34 27 34 23 33 14 3 0 5 16 6 0 11 0 7 4 1 8 34 9 2 9 0 20
8 34 29 33 20 33 22 34 26 34 30 26 23 30 33 14 1 31 1 17 1 17 1 17 33 22 34 13 34 13 0 22 34 31 34 26 23 34 29 33 15 34 14 0 11 5 11 0 13 0 3 14 33 22 34 14 3 0 7 0 5 11 4 11 5 7 4 11 0 32 0 5 11 0 9 34 29 34 17 1
5 11 0 17 33 20 33 22 33 15 33 31 1 8 34 29 2 4 11 5 0 5 16 5 7 4 1 20 0 22 0 11 5 7 4 0 20 34 23 33 2 14 1 8 1 4 7 4 11 5 16 5 0 14 3 0 3 0 5 11 4 0 14 2 4 11 0 17 0 7 0 7 4 1 20 34 23 34 14 0
4 2 9 0 11 0 11 4 7 4 7 5 0 4 2 4 11 4 1 8 0 9 34 31 33 31 1 20 1 14 2 8 34 13 0 11 4 7 5 16 6 16 5 11 0 6 0 9 2 8 1 20 34 20 1 3 13 0 13 0 12 0 20 34 17 1 20 34 22 1 8 1 17 34 22 1 17 1 4 7
14 2 14 33 23 30 33 30 23 30 23 34 22 1 20 1 8 34 26 34 9 0 8 2 8 1 14 0 13 34 13 0 11 5 11 4 1 20 0 8 2 10 2 0 6 0 20 0 9 2 0 17 1 20 34 26 34 30 34 17 33 30 26 34 22 33 14 34 15 34 15 34 20 0 14 0 3 8 2 10
15 34 30 23 26 30 26 23 28 34 32 0 13 34 13 0 4 11 4 7 4 2 8 33 2 8 2 0 12 0 17 33 14 33 20 1 3 1 22 34 28 32 28 34 18 34 27 34 18 34 22 0 32 25 32 24 28 24 32 28 23 33 20 33 20 0 5 11 5 7 5 11 5 7 0 14 2 28 32 25
2 33 31 1 8 33 20 33 17 0 14 2 14 33 23 34 32 0 13 0 22 0 8 1 20 0 3 8 2 29 34 32 0 2 33 8 33 22 33 23 26 23 26 23 30 33 30 26 34 32 24 28 24 26 24 32 25 32 24 28 24 28 2 33 23 34 18 34 26 23 34 31 1 20 0 22 33 31 1 14
26 34 15 34 22 33 17 33 17 33 17 33 23 30 23 34 32 0 13 0 2 9 0 13 0 14 2 29 33 17 34 18 34 32 24 28 32 28 2 9 34 8 2 14 33 14 3 14 34 17 33 17 33 8 0 11 5 7 4 7 4 7 0 9 2 10 2 9 0 4 2 0 5 16 5 11 0 22 1 14
10 2 0 8 1 20 0 13 0 17 33 31 34 14 3 13 3 1 17 0 5 11 5 16 5 7 5 7 0 11 5 7 4 7 5 7 4 1 22 33 8 0 13 34 15 33 2 14 1 22 0 9 0 20 1 4 2 28 2 10 2 9 0 20 33 14 0 2 4 1 3 0 7 4 7 5 7 4 0 11
12 0 13 34 28 2 10 2 10 2 29 33 8 0 4 11 4 2 0 2 4 11 4 11 4 2 14 2 8 1 31 33 8 1 31 34 9 0 9 2 9 0 11 4 7 4 7 0 32 28 32 0 9 2 28 23 33 31 34 14 0 9 0 4 2 9 2 0 6 0 4 7 4 11 4 0 11 4 7 5
1 31 34 13 3 1 20 1 4 0 4 11 4 2 29 33 20 34 32 34 17 0 4 11 0 20 34 29 33 20 34 32 25 32 0 8 0 13 3 1 31 33 23 28 24 32 28 23 28 34 18 34 18 34 22 0 4 2 33 22 34 18 34 32 28 2 14 0 11 0 14 33 29 33 22 34 18 34 22 34
22 33 30 26 23 30 23 26 34 18 34 29 34 14 33 20 0 8 1 14 2 29 34 23 28 32 24 26 34 26 24 28 23 28 34 18 34 18 34 22 0 4 2 9 2 28 23 28 34 29 34 17 1 31 33 30 23 30 33 22 34 18 34 23 26 34 8 1 22 0 8 33 23 34 17 34 9 0 9 34
3 14 34 20 33 20 1 20 0 6 0 9 34 22 33 29 2 28 34 28 24 28 2 8 2 8 2 28 24 28 23 26 24 28 24 26 24 28 34 29 2 29 33 20 1 4 1 17 34 26 34 18 34 15 33 31 1 31 34 30 33 2 8 3 1 17 34 30 34 18 34 9 34 13 0 5 16 5 7 0
6 0 2 9 2 8 0 6 0 9 0 11 0 14 33 14 2 29 34 20 1 31 1 8 1 4 2 9 0 20 1 17 34 17 1 4 2 14 2 4 11 0 3 1 3 14 3 1 8 34 31 33 20 1 8 34 14 2 33 31 34 27 34 31 33 2 14 1 20 34 27 34 26 23 34 13 3 1 22 0
20 0 3 1 14 2 8 2 28 23 26 24 28 34 13 3 14 34 23 33 17 0 20 0 5 7 0 20 33 20 33 15 33 20 1 8 3 8 2 10 2 29 33 15 33 22 1 22 34 27 34 26 24 32 34 18 34 9 34 13 34 15 33 8 1 8 1 17 1 22 34 15 34 27 34 13 34 14 2 4
11 0 14 34 27 34 13 0 5 7 5 11 5 0 22 34 28 23 30 23 30 23 26 30 33 15 34 23 34 22 1 22 0 3 8 0 8 33 22 34 8 33 23 34 13 0 22 33 30 26 23 26 30 26 30 26 34 28 23 30 23 30 33 29 2 29 33 8 2 0 12 0 3 8 34 27 34 32 25 32
16 5 16 5 0 2 0 3 14 0 9 34 32 28 24 26 34 23 30 33 31 33 2 14 33 14 34 8 0 7 0 14 1 17 1 14 2 8 2 29 33 22 1 22 33 2 8 0 22 1 22 33 29 2 0 14 34 8 2 4 1 8 2 33 20 0 8 34 9 0 20 34 15 34 8 34 22 0 3 1
13 0 8 0 17 34 30 34 30 33 17 34 30 34 30 23 28 24 26 24 26 24 32 24 32 24 26 30 26 23 34 27 34 13 0 2 10 2 28 2 14 2 4 2 14 0 2 14 0 32 0 8 34 14 3 8 2 0 11 0 5 0 5 11 0 6 0 11 5 7 5 11 5 11 4 1 3 13 3 1
28 32 0 5 11 5 16 5 0 2 10 2 10 2 4 2 8 33 15 33 30 26 24 32 0 2 0 4 0 3 8 34 8 33 20 33 15 34 13 0 6 16 6 0 5 0 4 2 28 24 28 32 24 26 24 28 34 28 23 28 23 33 22 34 32 34 26 30 23 30 23 33 20 33 14 1 3 1 17 33
20 34 17 1 22 0 2 0 4 2 4 2 10 2 10 2 14 34 13 34 9 2 14 1 22 34 14 34 15 34 17 34 29 33 23 26 23 28 23 34 17 0 6 16 6 16 6 0 8 2 9 0 22 33 2 14 1 20 33 2 4 7 0 5 11 4 7 5 11 4 1 31 34 27 34 17 33 22 33 14
8 0 32 0 2 14 34 22 33 29 34 20 1 8 34 13 0 17 33 15 34 29 33 2 14 3 13 0 3 1 3 1 31 1 4 0 20 0 14 33 23 28 2 14 1 22 33 22 34 13 0 11 5 7 4 7 4 7 0 9 2 33 23 33 23 33 23 28 34 26 34 15 33 8 1 17 1 4 11 0
22 34 26 23 33 30 23 33 14 1 8 0 6 16 5 0 20 0 5 16 5 16 6 16 5 16 5 7 4 0 6 16 6 0 5 16 6 16 6 0 22 33 14 2 14 34 27 34 15 34 27 34 23 28 34 18 34 18 34 15 33 14 34 23 30 34 18 34 15 34 20 1 22 1 8 3 0 5 7 4
24 28 32 25 32 34 14 34 28 23 28 2 33 29 2 29 2 28 34 8 3 14 0 5 16 6 16 5 16 6 16 6 0 13 3 1 4 7 4 2 8 3 8 2 14 2 10 2 8 34 32 25 32 24 26 23 34 15 34 30 34 20 34 29 33 14 2 9 2 33 15 34 8 3 13 3 0 22 1 4
14 34 18 34 31 1 4 7 5 0 3 1 17 34 22 34 14 33 30 34 15 34 26 34 14 3 1 14 33 8 3 1 31 33 14 2 29 34 17 33 20 33 2 0 14 1 22 34 20 1 20 0 7 4 2 4 0 8 2 9 2 8 2 4 1 14 3 0 14 2 10 2 9 34 22 33 20 0 11 0
9 2 8 2 10 2 9 34 22 1 3 8 0 14 1 20 33 15 34 23 34 27 34 32 28 32 34 30 33 29 34 30 23 33 29 2 9 0 20 1 14 1 31 33 15 33 29 33 22 1 31 1 20 34 9 2 4 0 8 33 31 1 14 2 0 9 34 28 32 28 2 10 2 8 1 3 13 3 8 2
6 0 13 3 13 0 4 11 4 7 5 11 5 16 6 16 5 0 17 1 4 7 4 11 0 4 2 9 34 18 34 17 0 5 7 4 1 8 34 13 34 29 2 14 1 17 34 27 34 15 33 29 33 8 1 17 34 28 32 25 32 24 26 24 28 23 26 23 26 24 32 28 23 33 2 33 2 14 0 14
5 11 4 7 5 11 5 11 5 7 5 11 5 16 5 0 5 16 6 16 5 7 0 20 1 14 1 31 33 14 3 13 3 13 34 13 3 13 0 8 1 4 2 9 0 5 11 4 7 4 7 5 11 4 0 9 34 15 33 8 33 20 33 22 1 17 33 30 26 23 33 2 33 2 14 33 31 1 14 34
29 34 27 34 31 1 17 33 23 30 34 23 34 29 34 23 30 34 30 23 30 33 22 0 17 33 14 3 0 5 16 5 16 6 16 5 0 22 33 22 0 8 1 17 33 17 33 2 33 23 28 34 29 33 22 0 17 1 8 2 28 23 33 2 8 0 12 0 22 33 20 0 8 34 23 34 17 1 8 0
18 34 8 1 4 7 4 1 17 34 23 33 14 3 0 5 16 6 0 4 1 31 33 22 33 14 33 31 1 17 33 22 34 31 34 14 1 14 1 14 2 4 7 0 5 7 0 6 0 11 4 0 14 3 0 17 0 4 7 5 11 0 7 0 6 0 6 0 9 2 33 31 34 32 24 26 24 32 24 32
1 20 0 20 0 5 16 6 0 2 9 2 8 3 0 5 16 6 0 17 33 31 33 2 0 9 0 11 4 0 12 0 8 1 31 34 26 30 23 26 24 32 34 15 33 2 8 1 31 34 9 2 28 2 14 3 13 3 14 3 13 34 15 34 29 2 28 24 26 24 32 34 30 23 33 15 34 13 34 18
11 4 7 5 0 4 1 4 7 0 3 14 2 33 31 33 20 0 4 2 28 24 26 30 34 20 1 17 33 2 10 2 29 2 9 34 32 24 28 32 24 26 23 34 14 1 4 11 5 0 8 1 4 1 20 33 31 33 22 34 30 23 28 34 17 34 31 1 31 34 14 3 13 3 0 14 3 14 34 32
0 3 13 3 1 17 33 31 33 22 0 17 0 12 0 11 0 7 5 0 4 0 7 5 16 5 11 5 7 0 4 11 0 20 34 15 33 15 34 18 34 20 33 29 33 30 34 17 33 23 34 8 2 9 34 15 34 32 24 26 23 26 34 26 23 26 23 28 34 27 34 27 34 9 34 8 2 4 7 5
34 26 30 26 24 28 34 32 25 32 25 32 0 9 34 8 34 28 2 9 34 32 24 28 2 8 1 8 1 8 3 1 31 34 29 2 10 2 14 3 0 32 0 6 16 6 16 5 7 5 16 5 16 6 0 13 3 1 3 13 3 0 32 34 13 34 31 34 29 34 8 2 4 2 0 32 34 28 34 22
3 1 22 34 8 2 4 2 10 2 33 29 34 20 33 23 33 15 33 14 2 0 22 34 22 34 26 24 28 32 24 28 23 33 31 33 23 30 26 30 34 23 28 32 0 14 34 15 34 23 30 23 26 24 28 32 28 23 30 26 30 23 26 24 32 0 5 7 0 32 0 2 4 2 29 34 9 34 18 34
27 34 23 28 2 33 31 34 8 34 20 34 15 33 17 1 4 1 20 0 7 4 2 10 2 14 33 17 1 20 0 14 34 15 33 23 28 32 24 26 34 23 28 34 30 23 34 13 0 3 1 4 11 0 5 0 4 2 29 2 28 23 33 17 0 14 34 20 34 9 2 29 2 29 34 26 34 20 1 20
30 34 17 0 14 34 30 33 2 33 22 1 14 3 1 14 2 10 2 33 15 33 17 33 22 1 4 7 5 7 0 13 3 0 11 4 1 8 3 13 3 1 8 2 0 12 0 11 4 11 5 0 12 0 4 0 5 0 32 0 3 13 34 9 0 7 0 20 0 22 33 2 10 2 28 2 10 2 14 0
33 29 2 10 2 14 1 4 0 9 2 14 34 17 1 31 33 2 8 1 31 1 17 34 28 2 0 8 3 14 3 8 3 14 3 0 11 4 2 28 32 24 26 34 31 1 17 33 30 23 26 24 32 34 9 0 2 28 32 0 6 16 5 11 5 0 6 16 6 16 5 16 6 16 6 16 5 11 5 16
25 32 25 32 24 32 24 32 24 28 34 32 0 8 0 8 3 8 3 14 2 0 3 14 33 2 10 2 0 14 34 18 34 15 33 30 23 26 24 32 28 2 33 17 0 32 0 6 16 5 7 0 32 34 23 28 34 17 33 14 33 15 34 23 30 33 29 2 0 2 9 0 32 34 30 26 24 28 34 13
31 34 32 24 28 23 33 15 33 17 0 32 25 32 0 5 16 6 0 11 4 2 28 34 27 34 30 34 8 3 13 34 17 34 13 0 14 3 8 3 1 3 14 33 22 33 2 0 6 16 5 0 7 5 11 5 16 5 11 5 11 0 9 34 17 0 17 34 23 33 17 34 15 33 29 34 22 33 30 33
10 2 9 34 15 33 15 33 30 34 32 28 32 34 13 3 13 0 4 2 14 33 14 1 14 0 20 1 3 0 17 33 23 26 34 8 1 8 1 3 1 3 8 0 9 2 0 8 2 33 30 34 9 0 20 1 20 34 30 33 20 0 5 7 5 16 5 11 5 0 4 7 5 7 4 11 4 1 3 8
4 2 0 9 34 28 24 32 25 32 28 24 28 32 34 27 34 27 34 14 1 3 14 2 0 6 16 5 11 5 16 6 16 5 7 0 3 1 3 8 0 9 0 2 9 2 33 30 34 29 33 20 33 29 33 30 33 8 3 0 14 33 14 3 8 34 14 1 14 33 17 34 23 28 23 26 30 33 14 1
17 34 13 3 0 32 24 28 24 26 34 22 1 3 13 34 30 34 9 34 26 24 32 34 9 34 29 33 8 2 10 2 9 2 0 5 11 0 11 5 11 5 11 4 7 5 11 5 16 5 0 7 5 16 5 0 6 16 6 0 22 33 15 33 8 3 14 0 17 1 3 13 0 20 33 22 1 17 33 23
12 0 4 7 5 7 5 16 5 7 4 2 33 31 34 15 34 20 0 32 24 28 32 24 28 23 26 34 28 2 9 0 20 1 17 34 23 28 2 29 2 0 6 0 20 33 22 33 22 34 13 34 28 24 32 24 28 23 26 34 28 2 4 11 5 7 0 3 8 1 31 1 8 2 28 34 29 34 28 24
23 30 33 31 33 23 34 32 0 9 2 9 34 32 28 23 26 30 23 28 23 33 17 33 14 0 32 28 24 32 34 30 33 22 34 8 2 4 0 32 0 2 9 34 15 34 28 32 34 23 33 2 29 33 23 28 2 28 23 34 32 28 32 34 31 33 14 34 8 2 9 34 30 33 31 34 22 1 20 33
26 30 23 26 24 26 24 28 34 15 33 31 33 8 1 8 33 15 33 22 34 23 28 23 34 8 0 2 8 1 14 3 13 0 12 0 6 0 13 0 17 34 23 26 23 34 20 33 17 33 15 33 14 2 8 34 8 2 9 0 4 7 5 0 8 3 13 34 31 34 27 34 29 2 8 3 0 5 11 4
2 28 24 32 34 17 33 8 2 29 2 33 15 33 30 26 23 33 22 34 8 3 0 7 4 0 3 1 8 3 14 1 8 2 14 34 22 33 29 2 28 23 34 32 34 26 30 34 29 33 2 14 1 17 1 20 1 20 33 8 34 15 33 31 1 3 14 1 31 33 17 1 14 0 12 0 8 3 13 34
32 28 24 32 28 2 8 34 22 1 31 34 18 34 17 34 30 33 2 9 0 7 5 0 3 1 20 34 32 24 32 0 22 34 14 33 17 33 17 33 15 34 22 33 20 33 29 34 27 34 22 1 20 34 28 2 28 23 30 23 34 17 33 29 34 15 33 8 3 8 2 8 34 15 34 29 34 9 0 6
7 5 0 8 0 7 0 22 1 3 0 7 4 11 0 20 1 3 8 2 14 34 14 33 17 34 31 1 31 34 30 33 22 33 14 3 8 3 1 4 7 5 11 0 3 14 0 22 0 20 0 3 14 1 3 8 2 8 2 0 32 0 8 1 20 1 17 34 32 25 32 25 32 28 2 0 22 0 32 0
15 34 31 1 3 14 2 9 34 14 2 28 2 28 34 23 33 20 1 4 7 4 0 13 34 15 33 17 0 3 14 33 22 33 14 33 14 34 14 33 8 1 3 0 20 1 31 34 18 34 23 28 34 8 1 3 1 4 2 29 2 33 20 34 28 32 24 32 0 14 2 10 2 4 11 4 7 5 11 4
15 34 23 34 13 0 7 5 16 6 16 6 0 32 28 24 32 34 27 34 20 0 32 34 27 34 22 33 29 33 8 1 22 1 8 2 10 2 29 2 4 0 14 33 31 34 32 0 17 1 17 33 23 26 24 26 23 28 34 14 3 1 31 1 22 1 22 0 2 10 2 8 34 18 34 26 23 30 23 30
26 34 9 34 27 34 22 34 14 2 8 33 29 34 8 0 32 0 14 33 20 34 31 1 22 34 23 28 23 28 2 8 34 32 34 32 34 29 33 20 33 17 34 14 0 11 4 1 31 33 14 3 8 3 8 33 2 33 14 34 8 2 0 4 11 4 1 3 8 3 14 1 31 1 31 34 14 3 0 8
4 11 0 7 0 5 7 5 16 6 16 5 16 6 16 5 11 4 7 4 7 4 7 5 0 11 4 0 9 0 9 0 2 9 0 4 2 10 2 9 2 10 2 9 34 32 24 28 32 25 32 24 28 23 28 2 33 8 34 13 34 14 3 13 34 28 2 9 2 4 11 5 11 4 7 5 0 2 0 12
13 34 8 0 32 34 17 0 11 4 0 4 0 7 4 2 10 2 8 34 15 34 27 34 27 34 15 34 13 0 20 33 23 28 23 28 32 0 8 0 7 5 11 4 1 22 34 8 0 12 0 20 0 32 25 32 34 15 34 18 34 27 34 18 34 15 34 9 0 6 0 14 34 17 34 14 34 15 34 28
31 33 17 1 20 1 14 0 13 3 0 4 1 17 0 7 0 32 28 34 27 34 15 34 28 24 32 0 13 3 14 33 20 0 6 16 6 16 5 11 0 11 0 5 16 5 16 5 16 6 16 5 0 8 1 14 0 13 3 8 0 4 1 17 33 30 34 22 33 15 33 8 0 17 1 17 34 15 34 20
34 13 0 14 2 4 0 12 0 11 4 7 0 11 0 5 16 5 16 6 16 5 0 8 1 14 33 23 30 26 30 33 23 30 34 30 33 22 1 4 0 17 1 17 34 15 34 17 1 22 0 5 7 5 11 4 1 31 33 23 30 34 29 33 30 33 14 33 17 33 22 0 2 28 23 30 23 28 24 28
11 5 11 4 11 5 11 5 16 5 11 5 7 5 7 4 2 8 2 4 1 17 33 17 0 22 1 22 1 17 0 13 34 26 23 34 18 34 20 34 27 34 26 30 26 30 33 14 1 8 34 30 23 26 23 26 34 14 34 9 34 30 34 17 1 31 1 8 1 4 11 4 0 13 34 17 0 6 16 5
20 34 22 0 12 0 32 25 32 34 22 33 17 34 27 34 26 30 23 28 23 34 30 23 26 23 26 23 34 31 1 20 33 20 1 14 1 8 34 17 0 4 11 4 0 7 5 0 6 0 9 2 0 3 1 3 1 3 13 34 31 1 22 0 22 0 6 0 7 0 12 0 11 5 0 5 16 6 16 5
0 11 5 0 20 0 22 1 31 33 31 1 8 0 7 5 11 0 5 16 6 16 5 7 4 7 4 7 0 7 0 3 1 17 34 29 2 4 7 0 32 0 12 0 32 34 8 1 14 1 3 13 3 8 2 28 2 33 29 2 29 2 0 8 33 8 2 0 4 11 4 11 0 14 2 33 30 26 34 22
16 5 0 3 0 20 0 12 0 17 0 11 0 14 1 31 33 31 1 17 34 18 34 8 33 22 1 14 33 2 33 2 4 7 5 11 5 0 6 0 14 0 8 0 4 11 4 7 0 3 8 34 31 34 17 1 22 1 20 0 22 33 2 10 2 33 17 33 29 2 14 0 2 29 33 23 26 23 30 34
25 32 25 32 28 24 32 0 12 0 4 0 5 7 0 2 10 2 29 2 4 1 4 2 28 2 28 23 26 24 28 32 0 3 14 3 13 34 31 1 14 0 8 34 32 0 17 0 20 33 23 26 30 33 30 23 34 18 34 23 28 23 28 2 10 2 9 2 14 33 17 34 13 3 8 33 22 1 17 1
17 34 20 1 3 8 34 30 34 32 0 20 33 31 1 31 1 14 34 32 28 23 34 23 33 2 4 7 4 11 0 22 34 17 1 8 0 9 2 10 2 9 0 7 0 9 2 33 22 1 22 0 11 4 7 4 1 14 2 14 34 30 26 24 28 24 28 2 8 2 4 0 9 34 31 1 22 0 9 2
8 2 0 5 16 5 0 9 34 28 34 9 34 9 2 9 0 20 33 23 33 30 34 31 33 31 1 14 1 22 1 31 1 14 34 23 34 15 33 20 33 20 33 30 33 17 1 17 1 22 33 20 34 30 34 17 34 9 0 9 2 4 11 0 5 11 5 0 17 1 3 13 0 17 33 22 0 12 0 17
33 17 34 31 33 30 26 24 32 0 8 2 29 33 31 33 14 1 3 0 32 25 32 24 26 24 28 24 28 34 9 2 10 2 0 22 33 30 34 17 34 9 0 9 2 4 11 0 8 2 14 33 22 34 26 34 8 33 17 0 17 0 13 3 0 13 3 8 3 13 34 26 30 34 15 33 22 0 7 4
5 16 5 0 13 0 7 0 2 28 24 26 23 33 31 1 4 0 22 1 14 33 8 1 3 1 3 8 34 13 3 8 34 26 24 28 2 0 9 2 10 2 33 29 33 17 33 2 8 0 7 4 1 31 33 2 29 34 9 2 8 1 20 0 12 0 32 28 23 34 32 28 32 25 32 25 32 34 14 3
7 0 8 1 20 34 26 23 34 9 0 9 34 9 0 3 1 31 1 8 2 28 32 25 32 0 11 0 8 0 2 10 2 14 33 17 0 9 34 26 24 26 24 28 23 34 20 0 17 34 9 2 8 1 20 1 4 2 14 3 14 1 22 0 32 34 26 30 26 23 30 33 30 23 33 8 1 8 2 14
27 34 18 34 13 34 8 34 29 34 28 34 15 34 17 34 23 26 30 23 30 33 14 34 9 0 9 0 14 33 15 34 31 34 14 33 15 33 29 34 22 0 17 33 31 34 9 2 9 34 9 0 17 0 2 8 1 4 2 14 33 23 34 30 23 34 28 32 24 28 24 26 30 23 33 17 1 31 34 30
1 3 13 34 13 34 8 3 13 34 28 34 15 34 17 1 17 34 8 33 8 3 8 1 17 0 9 0 9 34 28 32 34 27 34 26 30 26 23 28 34 15 33 29 34 22 0 17 33 31 34 9 2 9 34 9 0 17 0 2 9 0 5 11 4 0 12 0 5 7 5 0 17 34 18 34 26 23 30 23
18 34 18 34 15 34 9 0 4 7 0 3 14 1 8 2 29 34 8 2 33 23 28 34 15 33 31 33 23 33 15 34 23 34 17 34 13 3 14 2 0 22 0 3 14 0 12 0 7 0 9 0 13 0 17 0 12 0 17 34 18 34 31 33 14 2 9 0 4 7 5 16 5 11 0 14 0 8 33 2
29 2 28 34 15 34 15 33 29 33 29 34 8 2 14 1 31 33 23 33 15 34 23 26 24 32 34 17 34 13 3 1 14 3 13 3 0 9 34 26 23 33 8 33 14 34 18 34 31 33 23 28 34 27 34 18 34 8 0 14 34 22 33 14 33 2 33 30 34 14 1 3 1 4 1 17 33 23 30 33
22 33 8 1 3 8 0 5 7 4 2 28 32 25 32 0 2 9 2 14 0 5 0 5 0 7 0 5 0 2 4 11 0 3 1 14 2 29 34 8 33 31 33 30 34 13 0 9 2 4 0 32 28 23 30 26 23 33 14 33 31 1 8 0 12 0 13 34 20 1 17 1 4 2 4 11 4 0 17 33
24 26 23 28 2 9 0 7 0 6 0 5 16 5 16 6 0 9 2 10 2 4 0 17 1 17 34 32 0 11 0 9 34 22 1 8 3 1 22 34 13 0 8 0 12 0 6 0 2 29 34 22 1 8 3 1 4 2 4 7 0 7 0 17 33 30 26 30 34 15 33 14 3 8 2 14 1 31 33 30
6 16 5 11 0 8 1 4 2 10 2 14 3 14 34 31 34 14 3 14 33 14 2 10 2 28 24 28 34 27 34 32 25 32 34 14 34 31 34 23 34 22 1 4 2 28 32 34 20 33 20 1 8 1 8 3 0 3 0 9 34 8 2 29 33 31 34 30 23 30 34 14 1 17 34 30 23 26 24 26
14 33 22 1 22 33 29 34 20 1 31 1 22 34 9 34 31 34 30 26 23 30 33 23 34 9 2 14 2 8 2 8 1 20 34 8 2 0 12 0 6 0 5 7 5 11 5 11 5 0 12 0 4 1 22 0 20 34 8 0 7 0 12 0 7 4 2 0 2 10 2 14 0 7 0 20 1 4 1 3
2 33 20 0 2 29 33 22 0 11 0 32 34 20 0 5 0 14 3 8 33 20 33 30 34 13 3 0 12 0 3 8 33 30 23 34 15 34 8 1 20 1 3 1 3 1 22 33 17 34 14 0 5 0 22 34 17 0 22 1 22 34 8 1 4 2 9 34 18 34 31 33 14 34 8 0 7 4 0 8
32 34 30 23 30 23 30 33 2 14 33 30 23 26 34 8 33 2 4 1 14 3 1 3 1 31 34 28 24 32 0 2 14 1 31 33 30 34 8 1 4 0 13 34 32 25 32 34 18 34 31 1 20 1 4 11 0 2 0 32 24 32 0 4 11 4 1 3 13 0 13 3 0 2 0 5 16 5 11 5
10 2 10 2 14 2 8 33 17 0 2 0 5 16 5 11 4 11 5 7 5 7 0 14 34 31 33 8 33 20 0 22 33 22 1 4 11 0 7 0 8 34 20 1 31 33 22 34 28 34 31 34 27 34 26 24 26 34 18 34 31 33 17 0 4 2 33 31 34 30 23 33 15 34 26 24 32 34 13 3
3 14 3 1 4 7 4 0 22 33 29 2 4 1 14 34 9 0 8 2 33 2 14 33 23 34 30 33 14 1 8 1 3 1 4 11 4 0 12 0 4 2 0 22 34 30 23 33 22 1 20 33 14 34 31 1 17 0 2 29 2 0 20 1 14 1 14 2 8 34 17 0 6 16 6 0 2 28 34 14
28 34 26 23 28 24 28 24 26 34 17 0 6 16 6 0 11 0 11 5 11 0 2 29 2 14 0 4 0 12 0 20 33 2 4 2 0 6 16 5 7 4 11 4 11 5 7 0 12 0 13 0 3 14 33 8 34 31 34 27 34 14 34 18 34 32 34 9 0 17 0 8 0 11 5 16 5 11 4 7
9 34 23 28 34 8 3 0 4 2 0 6 16 5 7 4 11 0 5 11 5 7 0 22 33 8 34 31 34 27 34 14 0 32 34 32 0 2 9 0 6 0 11 5 16 5 11 4 7 0 8 2 0 14 3 8 3 1 17 34 31 33 15 34 32 28 34 26 30 23 34 22 1 4 11 0 3 14 0 4
23 26 34 8 2 9 2 33 2 29 33 31 34 26 23 34 26 34 18 34 32 24 26 34 9 0 2 29 2 0 14 2 9 2 28 2 14 33 17 1 8 34 23 26 30 34 9 34 30 26 23 34 14 2 0 22 0 22 1 8 33 20 0 11 0 20 1 3 1 22 33 17 1 3 14 34 30 33 8 1
12 0 2 14 33 15 33 15 34 9 2 8 0 32 34 20 0 7 5 16 5 16 5 7 5 11 0 11 0 6 16 5 7 4 7 5 11 4 0 2 29 34 32 25 32 34 23 34 31 33 2 14 3 8 3 0 12 0 20 34 26 23 33 8 2 8 34 15 34 14 0 12 0 14 2 10 2 4 2 0
30 34 18 34 22 0 3 13 3 0 20 34 26 23 28 23 26 23 30 34 23 28 32 24 26 30 26 24 28 2 14 0 2 28 32 24 26 30 33 14 33 15 34 32 25 32 28 32 28 2 29 2 8 33 23 26 34 8 34 17 34 13 0 11 5 11 0 12 0 12 0 6 16 6 16 5 11 4 2 29
12 0 5 0 22 33 2 33 30 33 23 26 34 30 26 34 28 34 28 23 33 31 33 23 34 27 34 9 2 14 1 31 33 8 3 1 4 0 13 3 0 13 0 14 1 3 8 3 14 1 20 1 17 34 30 26 24 32 34 9 34 8 3 1 8 3 1 4 2 9 34 29 2 33 30 23 34 9 0 3
26 24 32 34 28 23 34 20 33 30 33 15 33 29 33 23 33 20 1 14 1 3 13 3 0 13 34 15 33 20 33 30 26 24 28 32 34 9 34 8 1 8 2 4 11 4 1 4 2 9 0 14 33 14 34 31 1 22 0 6 0 20 1 17 1 31 1 8 1 4 0 11 4 11 4 0 9 0 3 8
15 34 15 33 8 1 4 2 28 32 34 18 34 20 0 3 14 34 18 34 22 34 9 2 4 1 17 1 20 0 32 25 32 34 27 34 20 33 29 34 20 34 32 0 17 0 22 34 29 33 20 1 17 33 29 34 29 34 9 0 3 14 3 8 0 13 34 31 34 20 33 30 33 8 33 20 0 8 1 4
28 32 24 32 25 32 24 26 34 32 28 34 20 33 29 2 9 0 22 0 22 33 29 33 20 1 17 33 29 34 29 33 29 33 8 1 4 7 4 7 5 16 6 0 13 34 26 23 33 20 0 8 1 4 7 4 2 28 23 30 26 30 23 34 18 34 26 23 28 2 28 23 26 30 33 29 34 26 30 23
2 10 2 4 0 11 4 7 4 7 0 5 11 0 11 0 13 34 23 26 34 30 33 31 1 3 14 2 14 1 20 33 14 3 1 31 33 8 33 2 9 2 10 2 9 0 2 0 6 16 5 11 4 11 0 8 0 4 7 5 7 5 0 13 3 13 3 14 1 3 1 4 1 8 2 10 2 28 24 28
24 32 28 23 33 14 3 1 31 33 8 33 2 9 2 10 2 0 5 16 5 11 4 11 0 8 1 22 34 22 0 17 0 9 34 31 1 3 1 4 1 8 2 10 2 10 2 8 33 20 34 28 24 32 28 34 13 3 14 0 3 13 0 5 0 6 0 8 3 14 33 22 34 20 33 29 34 18 34 17
25 32 24 28 34 9 0 13 3 0 4 0 11 0 12 0 4 2 14 34 29 33 29 33 22 33 29 34 18 34 17 0 6 0 20 34 26 34 32 25 32 28 34 8 3 8 0 11 5 0 32 24 32 28 23 30 33 23 33 22 0 6 0 22 33 30 34 22 1 31 33 23 26 30 33 31 34 28 24 26
27 34 28 34 23 33 20 34 8 3 8 0 11 5 16 5 16 5 11 4 7 5 11 0 20 1 31 33 14 0 5 16 6 16 6 16 6 16 6 0 3 8 0 2 28 32 24 26 34 17 0 3 1 8 3 1 22 0 2 29 34 15 34 23 28 24 28 34 27 34 27 34 17 1 3 0 20 0 13 0
3 14 0 12 0 5 11 0 20 33 15 34 8 33 8 34 23 28 24 32 25 32 28 32 28 34 17 0 4 11 5 11 4 2 0 9 34 14 1 14 1 8 33 15 33 30 26 34 8 1 4 2 28 2 0 22 0 9 2 28 2 10 2 33 14 2 29 34 26 34 22 0 8 1 14 34 26 24 26 34
9 2 10 2 28 23 26 34 18 34 8 1 4 2 28 2 0 12 0 2 10 2 33 14 1 8 1 17 34 26 34 26 34 8 3 0 4 11 5 11 4 2 14 0 5 11 0 4 7 4 7 5 7 5 0 13 34 22 0 20 0 32 34 29 2 0 9 0 32 25 32 34 27 34 8 3 8 34 22 1
34 15 33 22 34 26 24 32 24 32 34 22 0 20 34 29 2 29 2 0 20 1 14 33 31 34 31 1 20 1 22 33 17 33 2 0 2 29 33 14 2 4 0 3 0 8 0 7 0 14 0 32 24 32 34 31 1 3 0 22 0 7 0 32 24 32 24 28 34 32 0 4 1 4 0 9 34 23 34 17
10 2 4 0 3 0 8 3 1 20 33 31 1 22 33 30 23 34 17 0 20 33 20 1 22 34 9 0 9 34 14 1 4 7 5 16 5 16 6 0 14 33 2 9 0 9 2 28 2 8 33 29 33 15 33 23 33 8 1 22 34 26 23 26 30 33 31 33 20 33 14 0 9 34 22 34 32 28 34 20
18 34 31 33 20 34 30 23 34 15 34 29 2 8 3 13 0 22 33 31 1 20 33 2 4 11 0 7 5 7 4 0 2 29 34 17 34 20 34 18 34 28 32 0 11 4 2 14 34 31 33 8 33 2 33 23 26 23 34 14 34 18 34 26 24 28 32 0 14 34 27 34 8 33 15 34 20 34 27 34
5 11 5 11 0 5 16 5 16 5 11 4 2 9 34 13 34 28 34 8 3 0 2 28 23 33 17 34 27 34 14 33 31 34 30 26 24 28 2 33 8 2 9 34 26 24 26 24 32 34 20 1 14 1 31 34 13 34 31 34 17 33 31 34 23 33 14 33 8 0 3 1 14 34 14 3 14 33 2 14
30 23 26 34 30 26 34 15 33 2 33 8 2 9 34 26 24 32 34 20 1 4 0 22 34 13 34 31 1 14 34 30 33 29 34 14 33 8 0 6 0 32 24 28 34 29 2 0 11 5 7 5 11 0 11 0 14 3 14 1 17 33 31 1 17 33 30 34 28 24 28 2 29 2 0 6 0 17 34 30
11 5 16 5 11 4 7 5 0 12 0 5 16 5 11 5 16 5 0 20 1 3 1 3 13 34 30 23 33 17 1 14 2 10 2 0 8 0 32 28 2 9 34 17 1 4 0 32 24 32 25 32 0 7 5 7 5 7 5 11 5 0 3 13 3 8 3 0 17 1 22 1 8 2 0 20 0 5 11 5
4 7 4 1 22 33 20 1 3 0 32 28 2 9 34 17 0 9 34 22 0 2 0 32 25 32 25 32 28 34 9 34 18 34 23 26 34 30 26 30 26 24 26 34 14 33 22 33 20 1 31 34 20 1 3 13 34 30 34 15 33 15 34 14 1 31 1 22 1 14 3 8 1 14 2 0 13 34 28 32
32 0 20 1 14 34 14 34 14 1 14 1 3 13 0 32 24 28 23 30 26 23 30 33 23 33 15 34 31 34 15 34 27 34 9 34 32 24 32 24 32 25 32 34 15 33 22 33 14 2 8 33 14 3 1 3 13 3 1 8 34 27 34 30 34 20 34 9 0 12 0 6 0 6 16 5 0 32 34 20
14 3 1 20 33 22 33 17 0 22 34 14 33 14 34 22 1 3 13 0 5 7 0 5 0 2 8 33 22 1 8 34 27 34 13 0 6 16 6 16 5 16 5 11 5 7 0 3 1 3 14 34 20 0 5 11 0 5 7 4 2 10 2 0 3 0 14 3 13 34 23 34 30 26 23 28 34 8 3 14
0 5 16 5 11 4 7 0 2 14 34 20 0 6 0 32 0 12 0 7 5 16 6 16 5 0 8 2 14 33 22 0 13 0 9 2 9 0 32 34 22 33 17 0 17 34 23 33 30 33 30 34 32 34 26 30 33 22 0 12 0 20 1 31 33 8 34 18 34 23 34 9 34 28 2 9 2 29 2 4
33 8 2 9 2 28 34 14 3 1 8 1 17 34 8 2 10 2 33 17 33 29 2 28 34 23 33 30 33 30 34 32 34 26 23 33 23 33 23 34 18 34 30 26 34 9 0 8 3 8 34 9 34 9 2 10 2 4 1 14 34 14 33 15 33 15 33 29 33 14 3 8 2 14 3 0 7 0 20 34
6 16 5 7 0 7 0 11 4 2 14 3 0 7 0 20 34 18 34 30 26 23 33 8 34 32 0 11 5 16 5 11 0 13 34 9 2 33 23 28 34 31 33 15 34 22 34 9 2 28 32 34 17 0 14 0 14 2 28 24 28 32 34 27 34 30 34 9 2 29 34 29 33 23 28 2 29 33 2 9
16 5 16 6 0 12 0 2 14 34 27 34 22 33 8 33 14 33 8 0 9 34 28 34 31 1 14 3 14 0 11 5 11 0 14 2 10 2 10 2 29 34 20 34 17 0 5 16 6 0 12 0 22 1 14 33 23 28 2 29 33 2 9 0 11 0 6 0 12 0 32 25 32 28 32 34 20 33 31 33
1 31 1 17 0 12 0 3 13 3 8 34 15 33 23 34 23 33 23 30 26 23 26 34 31 1 20 1 14 1 22 1 31 33 29 34 18 34 29 33 22 33 29 2 29 2 29 34 17 34 26 23 34 28 23 28 24 28 23 34 26 23 28 34 27 34 32 28 34 15 34 26 23 34 23 34 8 2 10 2
17 1 3 0 22 1 31 1 17 34 17 1 4 1 31 33 31 33 29 34 18 34 26 30 33 14 33 8 33 15 34 26 23 30 26 23 33 8 1 31 34 31 1 31 34 32 25 32 0 6 16 6 0 20 33 30 23 28 23 33 23 33 17 0 14 34 32 34 26 24 28 24 28 23 33 23 26 23 26 30
8 0 2 33 23 28 23 30 26 30 33 2 4 0 32 28 34 8 2 33 22 34 23 28 23 30 33 17 33 17 33 23 30 33 14 0 8 34 20 34 30 33 20 1 8 0 5 0 2 0 5 16 6 16 5 7 4 7 4 0 7 4 0 4 2 28 34 14 1 17 34 29 33 30 26 24 32 28 34 8
31 34 23 26 24 28 23 33 20 1 14 33 17 33 23 30 34 22 0 8 34 20 34 30 33 20 1 8 3 1 4 0 2 8 2 9 2 28 2 9 2 4 11 4 0 17 33 20 1 31 34 17 33 29 34 29 33 17 34 20 33 30 23 26 30 34 8 1 8 34 9 0 12 0 22 1 22 1 31 33
13 34 15 34 8 1 17 1 31 33 29 2 33 20 0 3 8 0 9 34 31 1 8 34 28 23 28 32 25 32 28 34 18 34 29 34 23 34 29 34 29 33 8 2 9 0 12 0 12 0 4 0 5 11 5 0 8 2 28 24 26 24 32 34 31 34 14 0 5 7 0 5 0 4 2 33 2 8 2 29
23 34 31 1 8 1 17 34 13 34 14 1 14 2 9 2 33 8 33 15 33 29 34 18 34 29 34 18 34 18 34 17 34 27 34 9 34 20 1 14 1 22 0 17 1 3 14 3 0 17 0 5 0 2 4 1 3 13 0 7 5 11 4 1 17 1 14 2 28 32 0 7 5 11 4 2 33 14 3 13
20 33 30 33 17 1 20 1 4 11 0 20 34 8 1 20 1 3 14 2 0 5 11 4 0 5 7 5 11 4 2 33 31 34 15 33 29 33 8 2 4 7 4 7 5 16 6 16 6 16 5 16 5 7 4 11 5 11 4 1 4 11 4 11 0 14 3 13 3 13 34 31 33 20 34 22 34 31 34 20
29 2 4 1 22 33 8 3 14 1 17 33 14 33 30 34 29 34 13 34 22 1 31 34 22 1 17 1 31 1 20 0 2 33 20 33 15 34 17 34 22 1 31 34 20 0 9 0 14 0 5 16 5 16 5 0 4 0 2 8 2 0 6 0 17 1 17 0 17 1 14 0 14 0 14 0 9 0 2 33
7 5 7 5 16 6 0 4 7 0 22 0 13 0 20 0 14 3 13 34 26 30 34 26 24 32 25 32 25 32 0 5 7 4 0 3 0 2 10 2 8 1 3 13 34 18 34 23 30 26 24 28 2 28 2 28 32 25 32 0 22 33 23 26 23 28 32 24 32 0 7 4 7 4 11 4 1 14 33 2
22 1 14 2 8 2 28 34 17 33 17 33 22 34 18 34 8 0 9 0 2 33 15 34 18 34 30 23 34 32 0 22 1 4 1 4 0 5 11 0 5 0 12 0 14 0 14 34 9 0 14 2 4 7 4 1 17 0 22 0 20 34 14 1 22 1 3 13 3 1 4 2 10 2 29 2 14 33 31 33
9 0 12 0 5 16 6 0 3 14 33 23 26 30 26 30 23 34 13 3 1 8 34 23 26 23 33 14 0 12 0 11 4 0 9 34 26 23 26 24 28 32 34 22 34 30 26 23 30 26 34 15 34 15 34 18 34 18 34 28 32 34 27 34 22 1 22 33 17 33 20 0 20 0 17 1 4 0 22 1
17 1 20 34 8 2 29 2 29 34 32 25 32 0 4 11 4 0 32 34 28 24 26 34 20 33 8 2 9 2 9 0 8 34 27 34 22 33 30 33 15 33 2 8 1 3 13 3 0 2 29 2 9 0 32 0 4 1 20 34 17 33 17 33 15 34 28 34 20 1 20 0 20 0 32 34 31 33 2 0
22 34 18 34 17 0 8 1 20 0 8 33 14 3 8 34 22 1 3 0 4 11 5 7 4 0 32 0 8 3 14 2 9 0 9 2 8 33 30 26 24 28 2 29 34 28 2 14 34 8 0 11 0 7 0 32 28 23 30 23 26 23 33 14 0 11 5 7 5 7 0 14 33 14 0 32 0 9 2 33
4 2 29 33 15 34 27 34 31 1 17 33 22 0 11 0 7 0 6 16 5 0 13 0 5 7 5 7 4 1 22 0 8 33 31 1 31 33 15 34 27 34 22 0 17 34 32 25 32 25 32 24 26 30 33 29 34 27 34 13 0 12 0 8 0 2 14 3 1 14 34 13 34 15 33 15 33 20 1 4
30 23 26 24 28 34 23 33 14 2 28 23 30 33 31 1 31 33 31 1 17 0 17 0 5 7 5 16 5 11 5 7 4 11 5 11 5 11 5 7 4 1 20 33 8 1 20 33 8 33 20 1 14 0 11 4 2 29 33 30 26 30 34 26 24 26 23 34 30 33 15 34 22 0 32 0 3 14 0 20
8 2 28 32 0 32 24 32 28 23 33 22 33 29 2 10 2 4 1 17 34 17 34 15 34 31 33 15 33 31 34 13 34 15 33 29 34 32 0 3 14 33 30 23 33 23 28 32 0 4 11 0 4 1 14 1 22 34 23 34 22 34 8 2 10 2 14 34 17 34 29 34 29 33 29 33 23 33 2 9
2 9 2 28 34 15 33 29 34 28 2 0 22 33 30 23 33 22 0 9 0 4 7 4 7 5 16 5 11 5 7 4 11 5 0 7 5 11 5 11 0 22 34 28 34 30 26 24 28 2 29 2 0 13 0 3 14 3 13 34 26 23 28 32 0 20 1 20 34 27 34 23 34 31 34 9 34 31 34 28
0 5 16 6 0 2 33 20 1 31 33 20 33 8 2 14 0 13 3 14 33 29 34 29 33 17 1 20 0 8 0 7 0 6 0 6 16 5 16 6 0 7 0 7 5 16 6 16 6 16 6 16 5 0 14 33 22 34 23 34 15 33 17 33 8 3 8 3 0 14 0 11 4 2 4 1 20 1 3 1
27 34 31 1 22 1 20 0 13 34 28 24 32 34 30 26 34 28 24 32 24 26 24 28 23 28 32 28 2 8 3 8 3 8 34 22 34 26 30 33 17 33 14 0 2 4 11 5 7 5 7 0 13 34 28 32 28 34 9 2 10 2 33 31 34 18 34 27 34 17 0 13 34 15 33 17 34 23 28 2
15 34 30 23 30 23 30 34 32 28 32 25 32 24 26 23 26 24 28 2 14 34 28 32 28 32 25 32 25 32 34 29 34 18 34 8 3 14 1 4 0 7 0 9 0 3 8 2 0 14 33 17 1 31 1 14 1 4 11 4 1 4 1 31 34 22 34 32 25 32 25 32 28 34 15 34 32 34 29 2
33 30 34 27 34 29 2 14 3 8 1 22 33 30 34 29 34 8 34 23 28 23 28 24 28 2 4 1 3 13 34 17 1 22 33 14 1 8 0 20 33 2 29 34 8 33 8 34 20 33 23 33 30 26 30 34 30 23 33 30 26 23 26 34 26 34 23 34 15 34 14 1 8 2 14 2 9 0 12 0
23 34 17 1 31 34 23 26 34 26 23 33 31 34 29 33 31 1 17 34 30 34 15 34 9 0 22 33 30 23 33 22 34 23 28 2 10 2 14 34 8 3 0 5 11 0 20 1 31 33 17 0 4 2 33 29 2 4 11 4 11 0 17 34 8 33 14 3 1 31 1 20 0 9 2 9 34 8 3 0
18 34 22 1 20 33 8 2 9 34 17 0 2 4 2 8 3 13 3 1 31 1 31 34 32 25 32 25 32 28 2 14 34 30 23 26 24 32 0 9 2 9 34 8 0 2 14 33 2 28 32 28 2 0 7 0 4 1 22 34 32 25 32 34 9 2 0 20 33 14 34 14 2 4 2 4 1 8 2 29
24 32 0 9 34 22 0 32 0 13 0 20 34 31 33 2 28 23 30 23 34 15 34 9 2 9 34 29 33 29 33 17 0 32 28 2 0 20 34 28 24 32 25 32 34 9 0 8 2 0 8 0 11 5 0 4 7 4 0 9 0 3 13 34 30 33 30 23 26 34 29 34 27 34 27 34 32 24 28 24
1 22 33 23 34 22 1 31 1 3 8 2 0 32 0 11 5 11 4 0 4 0 6 0 11 5 16 6 0 8 33 22 34 28 24 26 30 26 34 22 1 14 0 12 0 17 33 22 0 6 0 6 16 6 16 6 0 7 4 11 0 9 34 20 1 14 1 4 11 4 2 9 2 4 0 9 0 8 2 28
16 6 16 6 16 6 0 14 2 9 0 6 0 2 14 34 28 23 28 34 28 34 32 25 32 24 28 34 22 0 17 1 31 34 18 34 8 3 13 3 1 14 1 3 8 1 14 2 4 2 29 2 4 2 0 3 13 34 15 34 29 33 30 23 30 34 28 24 32 24 28 24 26 34 32 24 32 34 26 23
10 2 10 2 29 34 22 0 17 1 14 1 14 3 1 14 34 8 3 13 3 1 14 33 29 34 18 34 20 1 14 2 8 33 8 2 0 17 1 31 33 20 1 20 34 8 0 6 0 9 34 28 32 25 32 28 23 28 34 8 34 26 23 34 32 28 23 34 14 2 4 7 5 11 4 0 7 5 11 0
14 34 31 33 15 34 8 0 6 0 9 2 28 32 25 32 24 26 23 34 26 23 34 9 2 28 34 23 28 34 14 2 4 0 7 5 0 32 34 18 34 14 3 13 34 23 28 2 14 0 2 28 32 24 26 23 30 33 8 2 9 34 27 34 32 0 11 0 8 1 20 0 6 0 12 0 22 33 17 34
29 34 20 1 17 34 28 23 28 2 0 32 34 18 34 14 3 1 3 1 20 0 2 10 2 8 1 3 0 7 0 8 0 32 24 28 23 30 23 30 33 17 1 20 1 3 8 3 13 3 14 34 32 25 32 0 3 0 20 34 31 33 2 33 20 34 13 34 22 1 31 1 8 2 14 34 14 33 23 33
13 0 6 16 6 0 9 2 28 23 26 24 32 0 8 3 13 0 4 7 0 2 33 29 34 28 23 26 24 26 30 33 30 26 24 28 2 33 15 33 2 29 2 29 34 8 33 14 34 28 2 33 8 3 14 3 13 0 5 11 0 12 0 5 0 11 4 7 5 0 20 0 12 0 4 11 5 16 6 16
34 30 33 8 34 23 33 29 33 23 28 2 28 2 14 34 32 25 32 25 32 28 34 18 34 8 3 1 4 11 5 11 5 7 0 7 0 7 5 0 5 16 5 7 5 11 5 16 6 0 8 2 33 15 34 13 3 13 3 14 34 32 24 32 0 5 16 6 16 6 0 5 16 6 16 6 0 12 0 3
20 1 3 8 3 8 0 7 0 4 1 31 33 14 34 14 34 27 34 14 3 1 14 34 32 24 26 30 33 14 2 33 15 33 29 2 33 30 34 32 25 32 25 32 34 18 34 18 34 18 34 9 0 3 0 9 2 9 34 13 0 17 0 17 0 20 1 22 33 20 34 22 34 27 34 14 34 17 34 9
3 13 0 2 14 33 2 28 34 14 2 28 24 32 25 32 34 20 34 32 24 26 30 33 31 34 17 33 8 0 11 5 11 5 7 0 17 33 22 34 18 34 30 23 33 17 33 31 1 3 0 20 1 17 34 8 33 14 33 8 34 32 25 32 34 26 24 32 28 32 0 8 2 29 33 22 33 31 33 2
31 34 14 0 20 34 22 0 20 1 22 33 31 34 14 34 27 34 18 34 9 34 23 34 14 3 0 13 34 29 33 22 33 23 30 26 34 14 2 9 0 2 4 1 20 0 9 2 0 9 0 13 34 17 1 3 14 2 9 34 14 0 6 0 11 4 1 20 1 14 0 22 0 4 11 5 11 0 12 0
11 5 0 4 0 4 2 33 15 34 14 2 33 15 33 2 4 2 4 1 3 0 13 3 1 4 1 14 3 8 34 18 34 23 26 24 28 23 26 24 26 23 34 27 34 23 33 20 1 8 1 14 34 15 34 20 33 31 33 23 26 34 9 0 22 1 8 34 15 33 30 23 26 24 28 34 15 33 23 34
25 32 28 23 33 8 1 31 33 14 33 17 0 2 4 1 20 34 22 0 13 3 1 4 1 4 11 4 2 28 23 26 24 28 2 14 33 22 1 17 34 13 3 13 0 12 0 20 0 11 4 1 8 2 14 33 2 10 2 9 34 28 34 27 34 26 34 17 33 30 34 26 34 28 24 26 24 26 24 26
28 23 34 30 33 8 33 30 23 34 20 33 31 33 22 34 31 1 20 0 6 0 20 1 3 0 14 34 9 2 8 2 0 5 11 4 2 28 32 34 15 34 20 34 9 2 29 33 22 33 31 1 31 33 30 34 14 1 20 1 31 1 14 33 17 0 3 8 3 14 34 20 1 14 33 15 33 30 26 24
32 25 32 34 31 33 20 34 23 26 30 23 26 24 26 24 32 0 4 11 4 7 5 16 5 0 14 2 33 2 10 2 9 2 4 0 9 34 30 26 24 32 24 32 25 32 24 28 23 28 32 25 32 34 31 1 20 33 22 1 20 1 20 1 22 34 31 33 15 33 29 34 23 34 22 0 32 24 28 2
6 16 5 11 4 2 10 2 28 24 26 24 28 24 28 34 30 33 23 26 34 27 34 18 34 14 33 17 34 13 34 27 34 29 33 30 34 9 2 33 15 33 30 23 34 32 28 24 32 28 32 34 13 34 17 33 20 1 8 3 8 34 18 34 8 2 8 0 5 16 6 16 5 11 0 32 0 2 33 31
7 4 7 0 32 25 32 25 32 0 14 1 31 33 15 34 28 34 20 33 14 34 8 2 0 32 25 32 34 28 2 4 11 5 11 5 7 5 0 6 0 22 0 11 0 11 4 0 12 0 11 0 14 0 2 0 12 0 17 33 15 33 15 34 8 1 17 1 17 33 30 34 23 28 23 33 2 8 34 14
26 23 30 34 32 34 17 34 26 24 32 24 28 23 30 26 30 33 29 2 10 2 8 3 1 8 33 8 33 23 30 23 30 26 24 28 34 32 25 32 24 32 25 32 34 8 2 0 2 9 0 13 0 5 11 0 7 5 16 6 16 5 11 4 0 4 11 0 7 0 13 0 17 1 3 13 34 30 34 8
12 0 14 2 9 2 9 2 8 34 13 0 9 34 13 0 14 2 4 2 9 34 8 0 2 9 34 28 23 26 23 33 23 26 24 32 24 28 23 30 34 30 34 23 28 23 34 17 0 13 3 0 13 3 14 0 17 33 30 26 34 22 1 8 3 8 0 8 2 8 1 8 0 8 3 1 4 11 4 2
5 16 6 16 6 0 6 0 17 0 22 34 15 33 15 33 2 29 34 14 0 8 34 28 2 33 31 1 22 34 30 23 26 34 31 33 31 33 8 2 14 34 13 34 28 34 28 24 28 24 26 23 30 34 15 33 2 29 33 20 1 4 7 4 2 4 7 4 11 0 11 4 1 17 34 17 0 7 5 7
32 28 24 32 34 28 34 15 33 2 29 2 4 11 4 2 0 13 3 0 32 34 26 34 9 34 27 34 9 34 17 1 31 34 30 26 34 31 33 23 28 32 24 28 23 30 33 8 1 14 2 29 34 22 0 13 0 11 0 8 3 0 5 0 17 33 31 34 26 23 34 13 0 13 0 22 34 22 0 8
6 16 5 16 5 11 4 11 4 1 14 34 15 33 17 34 27 34 9 34 20 34 22 34 26 30 34 15 34 18 34 17 33 17 1 4 2 9 34 14 34 22 0 5 7 5 7 4 0 2 14 1 20 0 12 0 5 16 6 16 6 0 22 0 12 0 20 33 8 1 8 33 8 1 3 1 17 1 20 33
0 13 3 0 5 0 17 34 22 33 31 34 15 34 30 23 28 2 9 2 4 2 33 14 34 26 23 28 23 34 18 34 13 3 0 17 34 31 34 31 33 23 34 20 34 18 34 20 34 26 23 28 23 30 23 28 34 15 34 17 33 15 34 27 34 17 0 17 0 5 16 5 11 5 16 5 0 14 34 27
22 33 30 33 2 4 0 8 3 0 11 4 7 4 2 4 11 5 11 4 7 4 0 5 7 5 16 5 7 4 1 4 11 4 2 28 32 28 23 26 34 20 0 7 5 0 17 0 22 34 14 1 31 1 20 0 13 34 20 34 15 34 18 34 26 23 26 30 33 2 33 17 33 2 8 34 18 34 9 2
34 8 1 17 34 32 0 3 8 34 9 0 4 1 17 0 32 24 26 34 22 0 12 0 2 4 11 4 7 0 6 16 5 16 6 16 5 7 5 11 0 3 0 8 3 8 34 23 34 13 3 0 17 0 2 0 2 4 2 14 34 31 1 8 34 23 34 31 34 29 2 33 31 34 30 33 2 29 2 10
5 0 8 0 4 11 5 11 0 2 29 33 2 0 8 34 32 24 32 28 23 30 34 31 33 20 34 13 3 14 34 30 33 2 33 2 28 23 28 34 22 33 20 33 31 34 9 34 15 34 31 34 30 33 2 8 1 14 2 29 33 8 1 14 2 28 34 14 34 14 0 7 5 16 5 7 4 2 14 33
13 3 13 34 13 34 20 34 22 33 8 3 0 22 33 14 0 6 0 22 34 15 33 15 34 22 1 17 34 9 34 29 33 29 2 29 2 10 2 9 2 4 1 14 2 4 11 5 11 4 7 4 7 0 20 0 5 7 0 13 34 31 1 8 3 0 4 0 8 34 8 1 31 33 17 34 27 34 14 3
24 28 34 30 23 30 33 15 34 8 1 22 0 8 3 13 0 4 11 4 0 6 16 5 16 6 0 32 28 34 23 30 34 23 34 32 28 34 17 1 8 3 0 22 1 3 14 1 8 34 31 34 30 33 2 8 33 20 34 15 33 17 1 31 34 23 33 22 34 22 34 18 34 17 0 2 0 20 1 8
1 31 33 14 33 30 34 26 34 23 30 34 31 34 23 34 32 0 22 1 8 3 13 34 30 26 23 34 15 33 31 1 22 33 14 34 15 33 14 1 22 34 9 2 33 23 33 30 34 27 34 30 34 18 34 27 34 32 34 18 34 14 3 13 3 0 3 14 2 29 34 14 33 2 29 34 13 34 23 34
2 0 3 1 8 2 8 1 3 1 20 34 30 26 23 34 29 33 30 33 30 34 23 34 13 34 15 34 15 34 27 34 9 34 29 33 30 34 23 26 24 26 34 30 26 30 23 33 17 33 30 33 22 1 3 0 20 1 22 0 13 0 17 0 20 34 32 28 34 18 34 13 34 15 33 23 28 34 15 34
30 23 34 30 23 28 24 26 34 28 34 27 34 32 25 32 24 26 34 23 28 34 32 0 7 0 6 16 5 16 6 16 6 16 5 7 5 7 4 1 14 34 29 2 10 2 8 2 29 33 23 33 15 34 27 34 18 34 30 26 23 26 34 8 3 14 0 17 1 3 0 11 4 7 0 11 0 7 4 1
9 0 7 0 32 25 32 34 29 34 31 33 23 30 26 30 26 23 26 23 33 31 1 3 8 3 14 1 20 34 20 33 22 0 17 0 8 33 22 0 17 34 8 3 1 17 33 17 34 26 34 20 0 5 16 6 16 5 0 20 34 23 28 32 0 5 0 6 16 6 0 3 8 34 26 24 26 34 27 34
4 11 0 2 9 0 5 16 6 0 6 16 6 0 6 0 8 33 17 33 31 33 29 33 17 34 13 34 8 3 1 14 3 14 33 2 8 33 22 34 23 26 34 20 1 22 0 5 7 5 0 17 1 3 1 31 33 20 1 22 33 15 33 30 34 13 0 11 4 1 3 1 4 11 5 11 0 5 11 4
3 14 2 0 8 34 15 33 20 34 27 34 20 34 9 0 12 0 2 14 0 4 7 4 2 33 8 3 14 3 8 3 13 34 27 34 28 34 8 33 14 33 14 2 0 14 33 8 2 9 2 10 2 33 2 10 2 0 20 1 17 1 8 0 14 1 8 2 28 32 24 28 23 26 23 34 13 34 13 3
11 0 13 3 8 34 13 3 14 3 8 3 13 0 9 0 7 0 14 0 20 34 13 0 22 0 14 33 30 23 28 23 30 26 23 26 34 8 1 8 33 29 2 10 2 8 1 8 2 28 32 34 17 0 6 16 5 16 5 16 5 7 0 22 1 17 1 20 0 4 11 4 1 4 2 9 0 4 7 5
7 4 11 5 16 5 16 6 0 4 11 0 20 0 7 4 2 9 0 8 0 2 10 2 29 33 14 33 29 2 10 2 8 33 29 34 22 0 6 16 5 0 22 0 6 0 11 5 7 0 2 0 6 16 6 0 14 0 4 1 4 7 0 17 0 32 0 3 8 3 13 3 0 6 0 2 9 2 8 0
18 34 8 1 14 2 4 0 7 4 0 14 33 23 26 30 26 30 23 26 24 28 32 0 17 34 13 34 14 34 13 0 20 33 22 34 17 34 15 34 9 2 28 34 18 34 9 34 20 1 14 1 17 33 30 33 17 1 14 34 31 34 15 34 20 33 31 34 23 34 29 2 8 34 31 33 20 34 29 2
10 2 10 2 28 24 32 25 32 24 28 2 10 2 4 2 8 2 9 2 33 14 3 13 34 31 33 2 14 3 14 33 14 34 15 34 32 0 22 33 23 28 32 34 31 34 31 34 15 34 14 34 20 34 32 34 13 0 8 0 5 7 0 13 3 14 34 14 33 31 33 22 1 14 1 14 33 8 3 13
14 2 9 2 28 24 28 24 26 34 15 34 9 2 33 14 2 33 14 0 8 1 20 33 17 34 20 33 22 34 31 34 23 33 14 33 20 1 4 11 5 11 4 7 5 11 5 7 5 16 5 16 5 0 9 2 33 30 23 33 8 0 5 7 0 17 34 32 24 32 34 26 30 23 30 26 30 33 20 33
20 0 6 16 5 0 5 11 5 16 6 16 5 11 4 2 4 0 14 1 17 33 22 34 17 33 23 26 23 30 26 34 13 3 13 3 13 3 14 1 20 1 8 34 30 34 29 34 17 1 17 34 28 2 4 11 0 3 13 34 32 25 32 34 23 33 29 33 31 1 4 7 0 8 3 14 2 8 33 17
23 30 26 34 32 28 2 28 2 14 3 1 3 0 12 0 22 33 8 3 14 33 29 34 28 32 25 32 0 4 1 20 0 17 33 31 34 17 1 14 2 4 2 10 2 4 0 2 14 34 17 33 17 33 30 34 20 1 17 0 9 34 8 2 28 2 4 1 14 3 0 22 33 30 23 34 23 26 30 33
8 2 8 34 27 34 14 3 13 0 8 33 2 14 34 30 23 28 34 29 34 30 26 23 30 23 26 34 13 3 13 0 14 33 22 34 9 2 33 29 33 20 33 8 33 2 9 34 22 1 20 1 14 3 1 31 34 17 0 8 2 29 2 0 17 1 3 0 5 7 4 0 22 33 30 23 26 34 15 33
17 34 17 1 3 0 8 3 0 22 1 31 1 22 1 4 0 12 0 7 4 2 8 33 8 33 29 34 20 34 17 33 23 34 27 34 29 34 27 34 8 34 14 2 0 11 0 14 34 20 34 28 23 33 2 33 15 34 8 34 8 0 17 34 27 34 20 33 29 2 0 5 7 0 2 33 31 1 4 2
16 6 16 5 16 6 16 6 16 6 0 20 1 3 14 33 23 34 14 3 14 1 20 34 20 34 8 0 13 34 27 34 30 23 26 30 23 26 23 28 34 8 3 14 3 0 8 3 14 0 8 33 15 34 8 0 8 33 23 34 30 33 31 34 30 23 34 27 34 22 0 14 34 28 2 29 33 2 29 34
28 23 28 23 34 32 28 32 34 23 26 34 27 34 29 2 8 3 8 3 8 1 3 0 8 34 8 0 20 1 14 1 4 2 8 33 14 0 4 11 5 0 11 5 0 8 34 8 2 0 2 33 2 0 7 5 16 5 11 5 16 6 0 14 33 22 34 22 0 14 34 28 34 14 1 3 0 17 1 8
12 0 5 16 6 16 5 0 14 34 23 26 23 30 23 33 30 23 34 27 34 20 33 23 33 14 1 3 14 2 14 33 15 34 30 26 23 34 27 34 28 34 13 3 14 2 0 4 0 4 1 8 33 17 33 8 33 20 1 31 1 8 33 2 14 2 4 7 4 7 0 8 1 20 33 31 33 14 1 8
25 32 25 32 24 26 23 33 30 34 15 33 31 33 22 34 30 34 27 34 13 3 0 11 5 0 3 0 8 33 23 28 34 29 2 28 34 27 34 32 28 23 33 17 1 17 33 20 0 8 33 20 0 13 3 1 8 34 20 1 17 0 17 0 14 3 8 1 4 0 2 33 17 33 30 34 28 34 23 34
26 23 30 33 15 34 18 34 27 34 30 26 30 26 34 30 23 34 31 34 13 3 13 3 0 4 0 8 1 3 1 22 1 3 8 33 23 30 34 28 23 33 17 0 13 0 9 0 8 33 20 0 32 28 23 28 23 34 22 33 14 33 17 0 14 33 17 1 4 1 3 14 3 14 33 31 33 29 34 23
15 33 31 34 15 33 29 2 33 23 34 28 2 29 33 30 34 20 1 14 2 4 0 7 4 11 4 1 14 34 30 26 23 30 26 34 17 33 14 2 0 32 24 26 23 28 24 32 28 34 29 34 17 34 22 34 13 3 1 22 1 14 3 0 2 10 2 14 3 1 22 1 22 1 3 13 34 26 34 9
33 20 0 3 1 14 34 23 28 24 28 34 29 2 14 34 31 33 15 34 9 2 33 2 33 17 34 30 23 30 34 27 34 22 1 14 34 28 2 14 1 22 1 14 3 0 2 10 2 9 2 10 2 14 2 10 2 14 0 20 33 29 34 27 34 28 24 26 34 22 33 17 33 29 33 30 33 30 33 31
31 1 3 13 0 20 1 4 11 4 11 4 1 17 34 31 1 8 33 2 14 34 32 24 26 34 13 34 14 33 29 2 33 17 1 22 0 13 0 20 1 14 3 0 2 0 11 0 8 3 8 3 13 3 13 34 26 30 34 13 34 31 34 32 0 17 33 23 34 28 24 26 34 15 33 30 34 28 32 28
29 2 10 2 9 2 4 7 0 22 33 23 33 31 34 17 1 31 1 20 34 17 34 13 0 2 33 14 34 9 2 28 32 25 32 0 17 1 22 0 22 34 17 34 22 33 2 8 1 20 34 20 0 4 1 17 1 31 1 17 0 8 0 12 0 17 0 20 0 5 0 32 0 17 34 8 0 8 0 5
27 34 15 33 2 0 5 16 6 16 6 0 4 7 4 11 4 7 4 7 4 11 4 1 22 33 22 0 5 7 5 16 5 16 6 0 12 0 8 0 12 0 8 0 2 33 14 2 9 34 8 34 14 1 4 11 0 32 34 27 34 18 34 26 23 34 28 32 24 32 0 9 0 22 33 17 1 20 34 30
1 31 1 14 3 8 2 8 0 22 33 20 33 17 0 6 16 5 11 0 22 1 22 1 20 0 11 0 4 11 5 11 0 9 34 32 28 34 20 0 3 8 1 4 7 0 20 33 22 1 22 34 30 33 29 2 9 2 8 0 9 0 6 0 7 5 7 4 7 0 20 0 2 8 1 8 2 9 0 2
11 0 8 33 17 33 8 3 0 20 33 20 0 11 5 11 0 4 2 4 0 9 0 5 11 0 2 10 2 9 34 30 33 17 1 22 0 2 28 32 25 32 25 32 25 32 34 18 34 26 23 28 23 28 24 26 34 23 26 34 15 34 29 34 20 0 2 8 34 8 34 15 33 22 33 20 33 14 2 29
15 34 17 34 9 34 27 34 8 1 31 1 20 1 22 34 26 30 33 8 34 23 26 34 15 34 29 34 20 0 11 5 0 3 13 0 20 33 2 14 3 14 34 23 28 34 15 33 14 34 8 0 9 34 26 23 33 31 34 30 23 30 34 18 34 22 34 8 33 8 1 22 33 22 33 8 0 3 14 0
17 34 9 34 32 34 26 23 28 23 30 23 34 23 26 34 15 34 20 0 11 5 0 5 7 0 20 33 2 33 14 0 6 16 5 16 5 7 0 9 0 5 0 9 34 26 23 33 31 34 30 23 26 34 14 2 28 32 28 2 10 2 28 2 8 1 3 14 2 33 20 0 7 4 11 4 2 9 0 13
8 1 8 34 13 3 8 0 13 0 9 34 22 34 13 34 28 34 13 0 5 16 6 0 7 4 11 4 2 28 32 0 8 33 14 1 20 1 22 0 8 33 23 28 2 4 7 0 20 33 31 34 23 33 15 33 14 33 22 34 30 33 14 34 28 32 34 14 0 14 34 30 34 14 3 0 11 5 0 3
34 31 34 28 2 4 2 29 33 17 33 23 26 23 26 30 34 32 34 14 1 3 13 34 27 34 15 34 31 33 2 33 30 33 29 34 14 34 28 23 30 26 23 30 23 34 31 34 20 0 6 0 17 0 20 1 3 8 3 0 5 0 5 0 20 1 22 1 3 1 8 0 11 5 7 5 0 11 4 11
3 8 34 20 33 23 26 23 26 30 26 24 32 34 23 26 34 27 34 30 33 14 34 31 33 2 33 30 23 34 22 33 31 1 14 3 1 8 3 0 20 33 31 34 20 0 13 0 6 16 6 16 5 0 11 4 2 14 0 13 0 20 1 8 0 13 0 6 0 2 14 34 18 34 17 33 17 1 4 0
0 17 1 3 8 1 14 3 1 4 11 4 1 3 8 0 13 0 6 0 13 34 13 34 17 33 30 34 14 0 8 1 4 1 14 0 12 0 22 0 17 0 32 25 32 28 24 26 23 26 34 15 33 15 33 17 34 28 32 25 32 28 2 14 0 4 1 20 33 22 1 22 1 14 33 8 34 18 34 32
4 1 14 33 29 2 33 2 29 34 22 34 23 28 34 14 0 32 24 32 34 30 33 8 33 20 33 20 33 23 34 13 0 11 5 11 5 16 5 11 5 7 5 0 12 0 8 2 0 4 1 17 33 20 1 4 7 4 1 14 34 30 23 28 24 28 23 28 24 26 34 26 30 26 23 26 30 34 31 34
14 3 8 3 14 0 17 34 32 25 32 28 24 26 23 26 30 34 32 24 28 2 28 24 32 34 31 1 17 33 2 10 2 9 34 29 2 10 2 10 2 8 3 0 8 33 17 0 12 0 7 4 0 2 10 2 4 11 4 1 20 1 31 33 30 23 30 33 14 1 17 0 17 34 27 34 13 3 14 34
9 34 23 26 23 28 23 26 23 30 33 14 3 13 34 27 34 30 34 30 23 26 23 30 33 30 26 23 26 24 28 32 34 30 26 24 32 28 23 34 8 34 30 34 29 34 17 34 9 34 31 33 22 0 2 29 2 33 20 0 2 9 0 8 3 8 33 29 2 14 1 8 3 0 32 25 32 25 32 34
30 34 17 34 28 23 30 26 30 26 24 28 34 26 24 32 34 29 34 29 2 14 34 17 34 18 34 23 28 23 28 2 33 23 30 33 17 33 20 0 14 0 32 28 24 28 24 26 34 22 0 2 29 34 29 33 17 34 31 34 29 33 15 33 17 0 12 0 4 11 0 13 0 14 34 20 0 20 34 29
23 30 26 34 32 25 32 25 32 24 28 32 24 32 34 13 0 32 24 28 23 26 24 26 23 30 26 24 28 2 8 33 17 33 17 0 13 3 8 33 17 0 32 28 24 28 24 26 34 22 0 32 25 32 25 32 25 32 34 26 34 18 34 18 34 17 34 13 3 0 17 0 2 33 15 33 30 26 34 26
32 28 34 27 34 17 33 17 34 18 34 8 34 17 33 29 34 18 34 13 3 0 12 0 4 7 4 7 0 6 16 6 16 6 16 5 7 4 11 0 32 24 26 34 9 0 2 9 0 17 0 9 2 8 34 9 34 23 26 24 26 34 15 33 29 33 23 28 2 28 32 25 32 25 32 28 34 15 33 2
20 34 27 34 23 34 30 34 15 34 28 23 26 24 28 34 9 34 31 1 8 0 7 5 0 9 2 14 34 9 34 31 1 8 33 15 34 28 24 28 32 24 26 34 9 0 4 7 0 2 33 23 28 24 26 34 23 33 30 34 31 34 26 23 28 24 26 34 30 26 34 18 34 14 3 0 3 14 0 7
13 34 9 34 23 34 30 34 32 24 32 24 28 34 28 2 9 34 9 0 2 10 2 0 9 2 8 34 14 2 14 1 3 14 1 20 34 20 1 8 0 17 33 22 1 17 34 13 34 27 34 20 0 17 34 29 34 32 34 31 34 26 30 23 34 18 34 30 23 28 23 33 8 0 7 4 0 7 0 9
7 0 5 7 0 5 7 5 16 6 0 9 2 4 11 4 0 20 0 7 4 2 33 15 33 31 1 3 0 7 5 11 5 0 12 0 4 11 5 11 4 0 12 0 14 33 2 28 34 22 1 3 13 0 14 34 28 23 28 2 29 34 20 1 3 0 9 0 32 24 26 24 26 34 18 34 28 24 26 34
6 0 14 1 8 34 9 0 3 14 33 23 26 30 34 28 2 10 2 4 7 5 16 6 0 6 0 8 2 29 33 20 0 2 10 2 33 31 34 26 24 26 34 15 33 22 33 22 0 4 7 4 11 0 11 4 11 0 4 0 8 33 2 4 2 9 34 23 34 26 23 33 29 34 8 3 1 31 33 15
25 32 34 20 33 15 33 30 33 2 9 34 32 25 32 0 12 0 12 0 7 5 11 5 16 6 0 14 2 0 8 1 20 33 30 26 24 32 0 2 33 14 34 8 3 1 22 1 14 3 13 3 0 4 2 29 2 14 34 30 23 30 34 14 34 27 34 14 3 8 33 2 33 15 34 26 24 32 28 32
22 33 22 1 4 7 4 7 0 12 0 17 34 9 34 14 1 20 0 5 11 0 12 0 4 1 20 34 15 33 2 9 0 17 33 29 34 27 34 17 34 17 34 32 0 22 34 31 1 14 0 3 0 17 0 12 0 8 0 3 14 0 5 11 4 7 4 1 20 1 22 0 13 34 22 34 15 34 28 24
16 5 11 4 7 5 7 0 8 1 20 33 14 1 3 13 34 23 28 34 17 34 27 34 17 33 31 1 3 0 3 1 3 0 17 34 17 34 13 34 17 1 20 0 7 5 16 5 16 5 11 5 16 6 16 6 0 17 0 17 1 3 0 12 0 2 14 1 14 34 9 0 8 33 14 0 17 1 14 2
5 16 6 0 14 33 8 3 0 2 9 0 13 34 15 33 22 34 8 3 14 3 14 33 20 33 15 34 31 1 14 34 9 0 5 0 17 0 17 34 30 23 34 30 26 23 26 23 34 30 23 33 29 33 31 34 17 33 29 2 4 11 0 12 0 13 0 8 33 8 3 13 34 29 33 17 1 17 0 4
2 29 2 9 34 23 33 17 0 17 34 20 1 17 0 6 16 5 0 11 0 9 2 9 2 0 17 33 2 4 1 3 14 0 9 0 7 4 11 5 16 6 0 9 34 29 34 32 24 32 24 28 2 33 14 2 0 11 5 11 4 11 4 11 0 17 1 14 33 31 34 15 34 18 34 27 34 15 33 8
33 29 34 32 25 32 28 2 4 0 2 33 8 2 33 22 0 13 0 9 0 8 0 9 34 9 34 27 34 32 24 32 24 28 2 10 2 9 2 33 22 34 15 33 8 33 29 34 22 34 32 28 24 26 34 17 33 31 1 14 3 0 13 0 5 16 6 16 5 11 4 2 8 1 31 1 4 0 17 33
24 26 23 33 17 34 29 2 33 20 0 32 0 8 1 17 0 8 2 0 9 0 8 0 17 0 17 33 23 34 14 1 20 1 3 0 8 34 32 34 20 0 20 34 22 1 20 34 29 2 33 15 33 20 34 8 1 20 1 31 1 17 0 14 3 1 20 1 20 1 4 1 31 1 3 13 0 11 5 0
26 24 26 30 33 22 1 4 11 0 5 0 12 0 7 0 13 3 0 9 0 3 14 33 30 26 34 27 34 15 33 8 3 14 0 3 0 4 7 4 11 5 16 5 11 5 11 0 5 11 0 32 28 34 13 3 0 9 0 14 2 9 34 15 34 32 24 28 23 26 24 26 34 18 34 22 1 3 1 3
18 34 17 1 22 34 18 34 27 34 31 1 14 33 20 34 29 34 9 0 13 0 2 29 33 15 34 30 33 22 0 13 3 8 34 27 34 18 34 26 23 28 2 9 0 7 5 7 4 7 5 16 6 0 20 34 28 2 14 2 8 0 12 0 20 34 23 33 8 2 14 1 17 33 17 34 18 34 27 34
29 33 20 0 7 5 11 4 11 0 9 2 4 7 0 17 34 9 0 4 7 5 11 5 16 5 11 4 11 5 11 0 22 0 12 0 22 33 29 33 17 34 29 34 8 2 0 4 11 0 12 0 17 34 20 1 22 34 28 2 9 0 5 0 12 0 14 0 2 10 2 28 2 10 2 8 3 13 3 14
31 33 8 2 14 1 17 33 17 34 30 26 23 30 34 32 34 29 33 15 34 15 34 26 24 26 23 34 22 1 17 0 22 1 8 33 22 33 30 23 28 2 14 2 9 2 14 3 8 2 28 23 28 2 0 9 0 2 33 23 33 17 1 20 1 31 1 22 1 4 0 4 1 8 1 31 33 22 34 32
27 34 32 0 4 2 33 23 30 26 23 28 23 30 26 24 26 34 9 2 28 23 33 22 34 13 34 14 0 13 0 5 7 5 7 4 11 4 0 32 0 32 34 26 24 26 23 26 23 33 30 34 14 3 14 1 3 1 4 2 8 3 0 13 3 0 17 34 13 34 8 0 20 33 29 34 20 34 8 34
12 0 13 0 9 2 9 2 28 32 24 28 23 28 23 28 32 28 2 10 2 28 32 25 32 0 4 1 4 7 0 4 1 20 1 8 33 17 0 2 33 23 30 26 23 26 24 26 23 33 30 34 23 34 23 34 15 34 23 33 20 33 22 1 3 13 0 4 7 0 3 14 33 29 34 30 34 31 34 32
10 2 0 6 16 6 16 6 0 32 34 32 28 32 34 26 24 32 0 32 0 7 0 32 28 24 26 30 23 26 34 14 3 13 34 27 34 31 34 17 1 4 2 0 9 0 6 0 22 33 23 34 29 33 20 0 13 0 17 1 3 13 34 20 0 20 0 2 33 8 3 1 31 1 8 0 20 33 29 34
28 34 29 2 33 31 1 31 33 8 1 17 0 2 33 8 2 33 17 0 17 33 23 33 8 3 14 34 17 1 4 2 0 12 0 32 24 28 24 26 30 23 34 9 2 28 32 25 32 25 32 24 28 34 9 0 3 0 13 3 1 31 1 8 0 22 34 20 34 15 34 31 33 17 0 8 3 8 34 22
32 34 18 34 9 34 31 33 15 34 20 0 8 3 14 1 8 1 22 33 15 33 29 2 33 14 2 8 3 8 33 2 9 2 28 24 28 2 4 1 20 33 31 34 13 3 8 3 8 3 1 8 34 17 34 29 33 20 1 20 1 17 0 8 0 5 7 4 1 4 1 4 1 20 34 20 34 30 33 2
1 14 3 0 5 16 6 0 9 0 11 5 16 6 16 5 11 4 1 3 14 0 6 16 5 16 6 16 6 0 3 8 33 30 23 28 2 33 14 1 8 33 31 1 8 0 17 0 4 1 17 33 20 33 30 23 30 23 28 24 26 23 33 17 0 17 1 4 11 4 1 20 33 15 34 31 33 29 34 9
7 0 6 0 8 2 8 33 23 28 2 8 1 8 3 13 3 13 34 31 33 29 34 9 2 8 3 0 22 34 9 0 17 33 29 34 30 33 22 34 13 3 1 22 1 3 13 3 0 20 1 14 1 3 14 33 20 34 15 33 15 34 18 34 30 23 34 9 0 2 4 11 0 9 34 32 28 23 30 23
12 0 11 5 0 6 16 5 11 5 16 5 7 5 7 5 11 5 0 12 0 20 1 3 13 3 0 5 0 7 0 2 8 0 5 7 5 16 5 16 6 0 9 0 13 34 20 0 2 4 0 9 34 13 34 14 3 0 22 1 22 1 22 33 2 29 33 17 34 9 34 9 34 30 33 22 1 4 2 0
15 33 30 33 29 33 29 34 23 34 27 34 30 23 30 23 30 34 9 0 22 0 7 5 11 5 11 4 1 3 0 17 33 23 28 23 30 26 23 30 26 23 26 23 26 24 26 34 28 23 30 34 31 34 17 33 30 23 30 23 26 24 26 23 34 9 2 28 24 26 34 9 34 30 33 2 9 2 4 7
23 26 34 27 34 18 34 17 33 2 10 2 29 34 29 33 8 33 20 1 3 0 12 0 3 0 9 34 18 34 31 34 17 1 3 1 31 1 3 0 6 16 6 0 12 0 13 3 0 20 33 23 28 24 28 32 0 22 34 9 0 22 1 31 1 31 1 3 0 12 0 9 2 8 3 1 3 8 33 15
30 26 23 33 30 26 30 23 33 20 34 31 34 29 33 23 30 23 33 15 33 31 1 8 34 20 33 29 34 23 30 34 13 3 14 2 0 6 16 6 16 5 7 5 7 0 2 33 17 0 22 33 15 33 30 26 23 26 30 33 15 34 29 34 27 34 23 26 30 23 30 34 29 34 32 25 32 25 32 0
10 2 0 20 33 15 33 31 34 22 34 18 34 31 34 17 1 4 1 3 13 34 32 24 26 34 20 0 11 4 0 5 11 4 7 5 16 5 7 0 17 0 7 0 9 34 31 33 22 34 26 23 26 30 33 14 0 12 0 9 0 11 5 7 0 2 28 32 34 23 28 32 0 2 29 34 27 34 30 26
14 33 22 0 8 2 9 34 31 34 27 34 30 34 29 33 2 9 34 9 2 8 0 20 34 23 30 26 23 28 34 17 34 31 1 17 1 14 3 13 0 11 4 0 5 16 5 11 5 0 7 5 7 4 1 31 1 4 7 4 7 0 8 33 30 26 24 32 0 22 1 14 34 32 28 2 14 34 20 34
8 0 6 16 6 16 5 11 4 7 0 5 16 6 0 14 33 30 26 30 26 24 28 24 26 34 13 0 22 1 22 34 8 1 31 1 4 0 8 33 8 2 33 8 33 17 34 15 34 32 0 22 1 31 1 8 0 13 34 20 34 13 34 22 1 14 34 23 30 26 30 23 26 34 14 2 28 23 34 14
9 0 4 7 0 5 11 5 16 5 0 22 1 31 1 31 34 8 2 8 1 3 8 0 4 2 4 11 4 1 14 33 30 23 26 30 26 24 26 24 32 0 14 2 33 2 29 2 29 33 31 34 28 2 29 34 20 33 8 34 32 0 32 34 29 2 10 2 0 22 34 17 1 8 34 28 23 34 14 1
4 7 4 1 3 14 33 15 33 29 2 29 34 32 0 14 1 4 7 4 0 4 0 12 0 9 34 23 34 22 0 9 34 31 1 14 34 29 33 29 2 4 0 8 2 4 11 0 14 2 9 2 14 0 17 1 4 11 5 0 17 0 6 0 4 1 31 34 26 30 23 34 8 0 4 7 4 11 4 2
16 6 0 8 3 0 14 33 29 33 22 34 14 0 9 2 10 2 4 11 4 7 4 11 0 4 0 8 0 4 11 4 1 3 14 34 20 0 6 0 2 4 2 9 2 8 3 0 32 28 2 33 2 0 4 1 20 34 18 34 18 34 28 2 8 33 29 34 9 2 14 0 7 5 16 5 11 4 11 5
13 0 3 8 0 20 33 20 33 22 34 22 0 2 28 23 33 17 34 29 34 22 0 17 1 3 0 8 2 14 33 2 28 23 34 31 1 22 1 3 0 4 2 9 2 4 2 29 34 22 33 23 33 2 0 4 1 20 34 8 3 14 34 32 0 13 34 29 34 31 33 15 34 29 2 28 24 26 23 26
27 34 28 32 34 31 34 13 0 20 34 29 33 23 33 17 34 9 2 33 22 0 3 1 4 1 17 34 8 34 18 34 28 23 26 30 23 33 20 0 14 0 20 33 17 0 14 34 13 0 17 33 14 0 4 0 20 33 14 33 2 9 2 0 32 28 34 27 34 14 0 17 33 20 33 22 33 17 34 17
28 23 28 34 14 0 22 0 11 4 1 20 33 22 0 4 2 0 14 0 9 2 9 34 9 34 18 34 26 34 13 34 22 34 15 34 8 2 9 0 32 34 17 33 14 33 23 30 34 8 0 11 4 11 0 4 1 8 34 28 24 28 34 8 33 29 33 30 33 20 1 4 1 22 1 20 0 11 5 11
20 34 18 34 14 0 5 0 6 16 6 0 32 34 8 3 8 34 18 34 8 33 8 34 18 34 20 0 5 16 6 0 11 5 11 4 0 2 0 20 0 8 33 31 34 14 2 0 17 0 11 0 14 0 14 1 8 33 29 34 29 33 22 33 17 33 30 23 34 29 33 15 34 28 34 13 3 13 34 23
18 34 30 33 29 33 30 23 30 26 30 26 34 20 0 2 10 2 14 1 14 33 30 26 23 28 2 14 34 32 34 13 3 0 11 5 7 4 7 4 2 33 29 34 29 33 2 0 6 0 4 2 33 15 33 22 33 8 3 14 0 11 0 17 1 22 1 22 34 17 0 4 0 13 0 5 11 0 9 34
0 2 29 2 33 31 1 22 33 30 23 28 2 0 17 1 14 2 33 29 34 31 33 2 0 20 0 4 2 33 8 2 28 24 32 24 32 25 32 28 34 13 3 14 1 8 34 13 0 3 1 8 3 1 8 34 30 34 13 3 13 0 22 0 13 0 32 0 7 0 4 11 5 16 5 7 5 7 5 0
24 26 24 28 23 34 13 0 3 1 4 1 8 3 13 3 0 9 2 28 34 31 33 2 0 22 1 22 1 8 1 17 1 31 34 29 33 2 33 20 34 30 34 27 34 13 0 13 34 22 1 14 34 18 34 17 0 22 33 31 33 17 33 20 1 20 1 17 0 14 0 8 34 18 34 15 34 23 28 32
22 0 4 11 5 16 5 7 5 7 5 7 4 2 8 3 13 0 4 7 5 16 6 0 9 34 28 34 29 34 32 28 24 28 24 32 34 17 1 22 0 2 0 22 34 30 34 32 24 32 25 32 24 28 24 32 0 8 33 31 1 20 33 8 3 13 34 20 1 17 33 30 26 24 28 24 28 34 13 34
17 34 29 2 28 32 28 24 28 34 29 33 2 4 0 20 33 2 29 2 29 2 8 3 1 17 33 29 34 15 33 31 1 3 14 2 33 8 34 26 23 33 29 33 30 33 14 33 15 33 23 28 24 26 24 26 24 32 34 28 24 26 23 26 23 33 29 34 28 34 29 2 14 34 20 34 13 3 14 33
11 5 16 5 7 4 1 20 34 17 34 29 33 2 0 8 34 9 0 7 5 0 2 33 30 23 34 23 33 17 1 17 33 2 4 11 5 16 6 16 6 16 6 16 6 16 6 16 5 7 4 2 29 2 8 33 29 34 32 0 9 0 17 33 2 33 2 0 32 34 28 34 29 33 22 34 27 34 28 2
31 33 23 33 30 26 30 34 27 34 13 0 3 14 33 2 8 3 1 8 33 22 34 23 30 23 34 27 34 14 0 6 0 20 1 8 0 14 3 13 34 32 34 27 34 14 3 1 3 8 1 4 11 4 11 5 0 9 2 9 2 8 33 23 34 27 34 30 33 15 34 29 2 8 3 0 4 11 0 11
2 33 29 33 29 2 14 3 0 22 33 17 0 4 1 14 33 29 34 31 1 20 33 29 34 32 34 27 34 14 3 1 3 14 34 29 2 10 2 9 34 14 1 31 1 3 1 22 1 8 34 26 24 32 0 5 16 6 0 32 24 28 2 14 0 2 29 2 8 33 30 23 26 30 23 26 24 28 23 28
29 33 23 33 29 33 22 33 22 34 27 34 14 2 8 2 0 17 34 9 2 28 34 18 34 27 34 14 3 1 3 1 4 0 9 2 10 2 29 34 30 23 30 33 22 1 8 1 14 3 8 1 4 0 11 4 0 32 24 28 34 8 0 20 33 17 34 22 34 15 33 20 0 2 9 34 20 33 22 33
25 32 28 34 15 34 23 26 23 28 32 24 26 34 31 34 23 28 2 8 34 23 30 26 24 32 24 26 30 23 34 9 0 7 4 2 4 2 0 13 3 13 0 20 33 30 34 14 34 13 34 26 24 32 28 2 29 33 2 0 20 34 22 34 13 0 13 34 28 2 28 32 0 14 2 0 5 16 5 16
3 1 14 3 13 3 1 20 0 2 14 0 2 29 34 8 1 8 3 8 1 3 13 3 13 0 20 33 23 33 22 34 27 34 18 34 8 34 23 30 33 8 33 29 2 0 13 34 23 26 34 20 0 14 1 22 0 32 24 32 34 17 0 8 1 8 2 33 30 34 13 0 7 4 7 4 11 5 0 4
26 30 34 22 1 8 1 14 2 0 2 33 23 34 13 0 20 33 8 3 0 13 3 13 0 20 33 30 34 14 0 3 13 0 22 1 3 14 33 20 33 30 34 17 0 7 4 0 6 16 6 0 5 11 4 11 0 32 24 26 24 32 25 32 28 24 26 34 20 34 31 33 23 33 20 34 30 23 26 34
6 16 6 16 5 16 5 11 5 11 4 11 0 5 0 4 11 0 9 0 22 34 32 28 32 25 32 28 23 26 34 29 2 0 22 1 4 1 31 1 20 34 23 34 32 28 23 26 24 32 28 23 26 23 30 34 32 25 32 28 32 0 9 2 14 1 22 33 31 33 31 33 23 33 23 28 34 22 34 8
33 30 33 17 0 7 0 8 0 6 16 5 11 5 16 6 0 17 0 13 34 9 2 0 5 0 6 16 6 0 22 0 22 34 28 2 14 3 1 22 34 31 34 32 25 32 28 32 28 2 33 30 33 2 0 4 0 7 4 7 5 0 2 33 22 1 8 1 4 11 0 12 0 6 0 8 1 20 33 8
34 26 24 28 23 34 32 28 23 33 14 1 22 33 14 34 29 33 30 23 34 23 34 32 24 26 23 28 34 29 33 8 0 32 34 26 23 30 33 31 33 14 1 3 8 34 32 25 32 28 32 24 32 25 32 25 32 34 32 25 32 28 34 14 34 9 2 14 2 8 1 20 0 6 0 9 34 29 34 27
5 11 4 7 4 1 4 0 22 1 3 14 33 15 34 15 34 28 23 34 32 25 32 28 32 34 13 0 32 28 23 26 23 28 32 25 32 34 28 2 14 3 13 34 32 0 8 3 0 4 7 0 6 16 5 16 6 0 4 2 28 23 26 23 28 32 25 32 0 20 33 20 34 32 34 13 34 30 26 23
19 18 17 16 15 14 13 21 22 23 24 25 26 27 28 29 30 31 32 33 34
